MIN=0	-10	0
MAX=30	10	10
SCALE=30	5	5
DEC=1	2	0
DEF="Zeit" t / s	"Spannung" U_B1 / V	"Rate" R_A1 / 1/s
1,1	0,535	0
2,3	0,54	0
3,5	0,54	0
4,601	0,54	0
5,801	0,54	0
7,001	0,535	0
8,201	0,535	0
9,4	0,535	0
10,599	0,535	0
11,801	0,535	0
13,001	0,54	0
14,201	0,535	0
15,401	0,535	0
16,6	0,54	0
17,8	0,535	0
19	0,54	0
20,201	0,54	0
21,401	0,535	0
22,601	0,54	0
23,801	0,535	0
25,001	0,54	0
26,2	0,57	0
27,4	0,535	0
28,601	0,54	0
29,801	0,535	0
MIN=0	-10	0
MAX=30	10	10
SCALE=30	5	5
DEC=1	2	0
DEF="Zeit" t / s	"Spannung" U_B1 / V	"Rate" R_A1 / 1/s
1,102	1,02	0
2,3	1,025	0
3,5	1,025	0
4,7	1,025	0
5,901	1,025	0
7,101	1,02	0
8,301	1,025	0
9,5	1,025	0
10,602	1,025	0
11,801	1,025	0
13,001	1,025	0
14,2	1,025	0
15,4	1,025	0
16,6	1,025	0
17,8	1,025	0
18,9	1,025	0
20,001	1,025	0
21,201	1,025	0
22,3	1,025	0
23,5	1,02	0
24,6	1,03	0
25,7	1,02	0
26,901	1,025	0
28,001	1,025	0
29,2	1,03	0
MIN=0	-10	0
MAX=30	10	10
SCALE=30	5	5
DEC=1	2	0
DEF="Zeit" t / s	"Spannung" U_B1 / V	"Rate" R_A1 / 1/s
1,1	2,005	0
2,3	2,005	0
3,501	2	0
4,701	2,005	0
5,901	2,005	0
7,101	2,015	0
8,3	2,005	0
9,5	2,01	0
10,7	2,005	0
11,901	2,005	0
13,101	2,005	0
14,301	2,005	0
15,5	2,005	0
16,7	2,005	0
17,9	2,005	0
19,1	2,005	0
20,301	2	0
21,501	2,01	0
22,7	2,01	0
23,9	2,01	0
25,1	2,005	0
26,201	2,005	0
27,4	2,005	0
28,6	2,01	0
29,8	2,01	0
MIN=0	-10	0
MAX=30	10	10
SCALE=30	5	5
DEC=1	2	0
DEF="Zeit" t / s	"Spannung" U_B1 / V	"Rate" R_A1 / 1/s
1	4,04	113
2,2	4,045	124
3,4	4,045	114
4,6	4,045	100
5,7	4,045	112
6,9	4,045	126
8,1	4,045	121
9,3	4,045	107
10,5	4,04	104
11,699	4,045	98
12,9	4,05	104
14,1	4,045	124
15,301	4,05	124
16,5	4,055	100
17,701	4,045	105
18,901	4,05	104
20,1	4,05	109
21,301	4,04	123
22,501	4,05	107
23,701	4,05	95
24,901	4,05	102
26,101	4,05	105
27,3	4,05	100
28,5	4,05	108
29,701	4,05	104
MIN=0	-10	0
MAX=30	10	10
SCALE=30	5	5
DEC=1	2	0
DEF="Zeit" t / s	"Spannung" U_B1 / V	"Rate" R_A1 / 1/s
1,1	3,01	0
2,301	3,015	0
3,5	3,01	0
4,7	3,01	0
5,9	3,005	0
7,101	3,01	0
8,301	3,01	0
9,501	3,01	0
10,701	3,005	0
11,9	3,01	0
13,1	3,01	0
14,3	3,015	0
15,5	3,025	0
16,701	3,02	0
17,901	3,015	0
19,1	3,015	0
20,3	3,01	0
21,5	3,005	0
22,7	3,01	0
23,9	3,005	0
25,101	3,01	0
26,3	3,01	0
27,5	3,01	0
28,7	3,01	0
29,9	3,01	0
MIN=0	-10	0
MAX=30	10	10
SCALE=30	5	5
DEC=1	2	0
DEF="Zeit" t / s	"Spannung" U_B1 / V	"Rate" R_A1 / 1/s
1,1	5,015	119
2,3	5,02	116
3,5	5,02	120
4,701	5,01	115
5,901	5,015	116
7,101	5,01	106
8,2	5,01	101
9,301	5,01	120
10,5	5,015	131
11,7	5,01	101
12,9	4,985	115
14,1	5,025	88
15,301	5,025	130
16,4	5,005	97
17,6	5,005	95
18,8	5,015	101
20,001	5,015	102
21,1	5,01	105
22,3	5,015	114
23,5	5,01	97
24,6	5,01	120
25,8	5,015	120
27	5,03	115
28,2	5,015	106
29,401	5,025	97
MIN=0	-10	0
MAX=30	10	10
SCALE=30	5	5
DEC=1	2	0
DEF="Zeit" t / s	"Spannung" U_B1 / V	"Rate" R_A1 / 1/s
1,101	3,51	123
2,301	3,51	98
3,501	3,505	111
4,701	3,505	111
5,9	3,51	102
7,1	3,515	115
8,3	3,51	105
9,501	3,515	102
10,701	3,51	92
11,901	3,515	114
13,101	3,51	108
14,3	3,52	113
15,5	3,52	117
16,7	3,515	110
17,901	3,515	112
19,101	3,51	110
20,301	3,515	92
21,5	3,51	112
22,7	3,51	93
23,9	3,51	104
25,1	3,515	111
26,3	3,51	109
27,502	3,515	86
28,7	3,51	94
29,9	3,505	129
MIN=0	-10	0
MAX=30	10	10
SCALE=30	5	5
DEC=1	2	0
DEF="Zeit" t / s	"Spannung" U_B1 / V	"Rate" R_A1 / 1/s
1,1	3,41	102
2,3	3,415	111
3,501	3,415	91
4,701	3,42	105
5,901	3,415	89
7,1	3,415	96
8,3	3,415	105
9,5	3,415	104
10,7	3,415	111
11,901	3,415	102
13,101	3,425	124
14,301	3,42	88
15,5	3,415	103
16,7	3,42	103
17,9	3,42	112
19,1	3,415	98
20,301	3,41	109
21,501	3,405	118
22,7	3,41	110
23,9	3,42	91
25,1	3,415	103
26,3	3,415	101
27,5	3,415	104
28,7	3,41	102
29,901	3,42	100
MIN=0	-10	0
MAX=30	10	10
SCALE=30	5	5
DEC=1	2	0
DEF="Zeit" t / s	"Spannung" U_B1 / V	"Rate" R_A1 / 1/s
1,101	3,21	80
2,301	3,205	94
3,5	3,21	102
4,7	3,2	87
5,9	3,2	99
7,101	3,2	110
8,301	3,2	94
9,5	3,2	80
10,7	3,2	120
11,9	3,2	118
13,1	3,2	98
14,3	3,205	92
15,501	3,2	109
16,701	3,205	104
17,9	3,2	92
19,1	3,2	95
20,3	3,2	102
21,5	3,2	91
22,7	3,2	99
23,901	3,205	95
25,1	3,2	100
26,3	3,2	104
27,501	3,205	101
28,7	3,2	93
29,9	3,2	100
MIN=0	-10	0
MAX=30	10	10
SCALE=30	5	5
DEC=1	2	0
DEF="Zeit" t / s	"Spannung" U_B1 / V	"Rate" R_A1 / 1/s
1,001	3,13	4
2,2	3,135	3
3,4	3,125	3
4,6	3,13	2
5,801	3,13	1
7,001	3,13	1
8,201	3,13	0
9,401	3,125	2
10,6	3,135	1
11,8	3,13	2
13	3,13	1
14,201	3,125	0
15,401	3,125	1
16,601	3,13	1
17,8	3,125	2
19	3,13	1
20,2	3,13	0
21,4	3,135	1
22,601	3,135	1
23,801	3,13	1
25	3,135	0
26,2	3,135	2
27,4	3,135	3
28,6	3,135	1
29,8	3,13	2
MIN=0	-10	0
MAX=30	10	10
SCALE=30	5	5
DEC=1	2	0
DEF="Zeit" t / s	"Spannung" U_B1 / V	"Rate" R_A1 / 1/s
1,101	3,145	82
2,301	3,14	68
3,501	3,145	63
4,701	3,145	69
5,9	3,14	88
7,1	3,145	92
8,3	3,145	89
9,501	3,145	84
10,701	3,14	83
11,901	3,145	95
13,1	3,145	74
14,3	3,145	83
15,5	3,145	75
16,7	3,145	88
17,901	3,15	92
19,101	3,145	88
20,301	3,145	88
21,5	3,145	93
22,7	3,145	74
23,9	3,145	91
25,1	3,14	92
26,301	3,145	80
27,502	3,145	87
28,7	3,14	85
29,9	3,14	86
MIN=0	-10	0
MAX=30	10	10
SCALE=30	5	5
DEC=1	2	0
DEF="Zeit" t / s	"Spannung" U_B1 / V	"Rate" R_A1 / 1/s
1,001	3,82	106
2,201	3,82	112
3,401	3,82	122
4,601	3,81	116
5,8	3,81	115
7	3,805	100
8,201	3,815	104
9,401	3,82	109
10,601	3,815	115
11,801	3,815	115
13	3,815	99
14,2	3,815	85
15,4	3,81	108
16,6	3,815	101
17,801	3,815	101
19,001	3,815	102
20,201	3,81	101
21,4	3,815	127
22,601	3,815	104
23,8	3,82	103
25	3,82	101
26,201	3,815	98
27,4	3,82	98
28,6	3,815	105
29,8	3,82	105
MIN=0	-10	0
MAX=30	10	10
SCALE=30	5	5
DEC=1	2	0
DEF="Zeit" t / s	"Spannung" U_B1 / V	"Rate" R_A1 / 1/s
1,001	4,2	114
2,201	4,205	110
3,4	4,205	98
4,6	4,21	100
5,8	4,21	85
7,001	4,21	106
8,201	4,21	110
9,401	4,205	105
10,6	4,205	102
11,8	4,21	102
13	4,205	114
14,2	4,205	114
15,401	4,21	102
16,601	4,2	103
17,8	4,205	107
19	4,195	98
20,2	4,195	112
21,402	4,205	110
22,6	4,205	107
23,8	4,19	111
25,001	4,205	95
26,2	4,195	96
27,4	4,195	118
28,6	4,205	99
29,8	4,2	113
MIN=0	-10	0
MAX=30	10	10
SCALE=30	5	5
DEC=1	2	0
DEF="Zeit" t / s	"Spannung" U_B1 / V	"Rate" R_A1 / 1/s
1,101	4,475	86
2,301	4,48	101
3,5	4,465	99
4,7	4,475	106
5,9	4,47	113
7,101	4,48	115
8,301	4,47	105
9,501	4,475	115
10,7	4,475	100
11,9	4,47	118
13,1	4,48	124
14,3	4,46	104
15,501	4,46	103
16,701	4,465	120
17,9	4,47	125
19,1	4,465	88
20,3	4,47	96
21,5	4,47	111
22,7	4,465	115
23,901	4,47	101
25,1	4,47	100
26,3	4,475	101
27,5	4,465	94
28,7	4,47	99
29,9	4,475	114
MIN=0	-10	0
MAX=30	10	10
SCALE=30	5	5
DEC=1	2	0
DEF="Zeit" t / s	"Spannung" U_B1 / V	"Rate" R_A1 / 1/s
0,101	4,615	140
0,401	4,62	80
0,7	4,62	130
1	4,61	150
1,301	4,625	80
1,601	4,62	170
1,901	4,61	130
2,2	4,615	160
2,5	4,615	170
2,801	4,62	80
3,101	4,62	160
3,4	4,615	70
3,7	4,615	30
4,001	4,6	90
4,301	4,61	120
4,601	4,615	90
4,9	4,615	140
5,2	4,61	80
5,501	4,615	120
5,801	4,615	140
6,101	4,62	120
6,4	4,61	100
6,7	4,605	100
7,001	4,62	120
7,301	4,615	100
7,6	4,595	90
7,9	4,62	100
8,201	4,605	90
8,501	4,61	60
8,801	4,62	90
9,1	4,615	60
9,4	4,62	130
9,701	4,62	150
10,001	4,61	100
10,302	4,61	100
10,6	4,62	110
10,9	4,615	70
11,202	4,605	100
11,501	4,61	30
11,8	4,605	150
12,1	4,615	130
12,4	4,62	90
12,701	4,62	140
13,001	4,62	170
13,3	4,615	160
13,6	4,62	120
13,9	4,615	100
14,201	4,62	160
14,501	4,62	190
14,8	4,62	140
15,1	4,585	140
15,401	4,615	170
15,701	4,62	80
16	4,615	30
16,3	4,61	140
16,6	4,615	110
16,901	4,62	100
17,201	4,6	100
17,5	4,595	140
17,8	4,61	110
18,1	4,61	160
18,401	4,61	130
18,701	4,625	80
19	4,595	110
19,3	4,62	90
19,6	4,62	110
19,901	4,625	120
20,2	4,61	130
20,501	4,61	130
20,8	4,615	120
21,1	4,62	120
21,401	4,615	100
21,7	4,65	110
22	4,61	80
22,3	4,615	110
22,601	4,625	90
22,901	4,62	120
23,2	4,615	100
23,5	4,62	120
23,8	4,61	90
24,101	4,61	90
24,4	4,62	120
24,7	4,615	100
25	4,615	140
25,3	4,62	60
25,601	4,615	130
25,9	4,62	110
26,2	4,615	100
26,5	4,61	90
26,801	4,61	70
27,1	4,61	110
27,4	4,615	120
27,7	4,605	120
28	4,61	50
28,301	4,615	130
28,6	4,62	80
28,9	4,615	120
29,2	4,615	140
29,5	4,62	100
29,801	4,615	140
MIN=0	-10	0
MAX=30	10	10
SCALE=30	5	5
DEC=1	2	0
DEF="Zeit" t / s	"Spannung" U_B1 / V	"Rate" R_A1 / 1/s
0,1	4,795	130
0,401	4,785	80
0,6	4,795	100
0,8	4,79	100
1	4,78	80
1,3	4,79	170
1,6	4,785	60
1,8	4,79	100
2,101	4,79	60
2,401	4,795	110
2,701	4,79	90
3	4,795	80
3,3	4,8	130
3,601	4,79	100
3,901	4,79	110
4,201	4,79	100
4,5	4,79	120
4,8	4,795	130
5,101	4,79	90
5,401	4,795	160
5,7	4,795	120
6	4,795	40
6,301	4,79	110
6,601	4,775	40
6,901	4,795	170
7,2	4,78	110
7,5	4,795	90
7,801	4,79	90
8,101	4,79	80
8,401	4,795	120
8,7	4,79	80
9	4,785	130
9,301	4,79	90
9,601	4,795	130
9,9	4,805	80
10,2	4,795	110
10,501	4,795	140
10,801	4,795	140
11,101	4,795	130
11,4	4,78	140
11,7	4,785	130
12,001	4,79	100
12,301	4,79	150
12,601	4,785	70
12,9	4,77	80
13,2	4,77	150
13,501	4,795	130
13,801	4,79	90
14,1	4,795	80
14,4	4,77	90
14,7	4,795	70
15,001	4,785	70
15,301	4,795	120
15,6	4,795	140
15,9	4,78	110
16,2	4,785	110
16,501	4,78	140
16,801	4,795	140
17,1	4,79	140
17,4	4,795	130
17,701	4,79	110
18,001	4,79	110
18,3	4,79	100
18,6	4,795	90
18,9	4,795	70
19,201	4,79	170
19,501	4,79	70
19,8	4,79	130
20,1	4,765	50
20,4	4,79	100
20,701	4,775	110
21	4,79	80
21,3	4,795	130
21,6	4,79	110
21,9	4,795	70
22,201	4,79	110
22,5	4,795	60
22,8	4,79	60
23,1	4,795	80
23,401	4,795	140
23,701	4,79	120
24	4,795	110
24,3	4,79	90
24,6	4,775	90
24,901	4,795	110
25,2	4,795	120
25,5	4,79	130
25,8	4,79	110
26,1	4,79	120
26,401	4,795	150
26,7	4,79	50
27	4,8	40
27,3	4,795	120
27,6	4,795	100
27,901	4,795	100
28,2	4,795	90
28,5	4,795	130
28,8	4,785	100
29,1	4,795	100
29,4	4,8	80
29,7	4,78	40
30	4,79	80
