MIN=0	-10	0
MAX=2	10	1000
SCALE=2	5	5
DEC=3	2	0
DEF="Zeit" t / min	"Spannung" U_B1 / V	"Ereignisse" N_A1
0	3,83	0
0,00168333333333333	3,83	5
0,00333333333333333	3,835	13
0,00501666666666667	3,835	22
0,00666666666666667	3,835	26
0,00835	3,83	34
0,0100166666666667	3,835	42
0,0116666666666667	3,835	46
0,01335	3,84	53
0,015	3,83	57
0,0166833333333333	3,835	67
0,01835	3,835	75
0,02	3,84	81
0,0216833333333333	3,835	92
0,0233333333333333	3,83	103
0,0250166666666667	3,835	112
0,0266833333333333	3,845	114
0,0283333333333333	3,835	121
0,0300166666666667	3,83	130
0,0316666666666667	3,825	131
0,03335	3,835	146
0,0350166666666667	3,83	147
0,0366666666666667	3,835	151
0,03835	3,83	155
0,04	3,84	160
0,0416833333333333	3,84	166
0,04335	3,825	170
0,045	3,83	176
0,0466833333333333	3,825	184
0,0483333333333333	3,825	194
0,0500166666666667	3,84	208
0,0516666666666667	3,83	212
0,0533333333333333	3,825	217
0,0550166666666667	3,825	226
0,0566666666666667	3,825	236
0,05835	3,835	241
0,06	3,825	247
0,0616666666666667	3,83	256
0,06335	3,825	266
0,065	3,83	272
0,0666833333333333	3,835	281
0,0683333333333333	3,83	288
0,0700333333333333	3,83	292
0,0716833333333333	3,835	298
0,0733333333333333	3,82	300
0,075	3,83	311
0,0766666666666667	3,83	316
0,0783333333333333	3,835	320
0,0800166666666667	3,83	326
0,0816666666666667	3,835	331
0,08335	3,83	340
0,0850333333333333	3,83	348
0,0866666666666667	3,83	354
0,08835	3,83	360
0,09	3,825	367
0,0916833333333333	3,83	378
0,0933333333333333	3,83	387
0,095	3,83	391
0,0966833333333333	3,825	399
0,0983333333333333	3,83	403
0,100016666666667	3,83	411
0,101666666666667	3,835	420
0,10335	3,83	424
0,105016666666667	3,83	430
0,106666666666667	3,83	436
0,108383333333333	3,83	446
0,11	3,83	454
0,111683333333333	3,83	459
0,11335	3,83	470
0,115	3,83	474
0,116683333333333	3,83	482
0,118333333333333	3,83	485
0,120016666666667	3,83	491
0,121666666666667	3,83	495
0,123333333333333	3,825	500
0,125016666666667	3,83	506
0,126666666666667	3,83	514
0,12835	3,83	525
0,13	3,83	529
0,131666666666667	3,83	538
0,13335	3,83	547
0,135	3,83	557
0,136683333333333	3,83	559
0,138333333333333	3,83	565
0,14	3,83	572
0,141683333333333	3,83	577
0,143333333333333	3,83	583
0,145016666666667	3,83	589
0,146666666666667	3,83	594
0,14835	3,825	602
0,150016666666667	3,835	606
0,151666666666667	3,83	608
0,15335	3,82	618
0,155	3,825	626
0,156666666666667	3,825	635
0,15835	3,83	640
0,16	3,83	644
0,161683333333333	3,83	650
0,163333333333333	3,825	655
0,165016666666667	3,825	658
0,166683333333333	3,82	666
0,168333333333333	3,83	674
0,170016666666667	3,83	677
0,171666666666667	3,83	683
0,173333333333333	3,825	691
0,175016666666667	3,83	700
0,176666666666667	3,83	711
0,17835	3,825	716
0,18	3,83	722
0,181683333333333	3,825	730
0,183333333333333	3,83	740
0,185	3,83	747
0,186683333333333	3,83	754
0,188333333333333	3,83	761
0,19	3,835	766
0,191666666666667	3,83	773
0,193333333333333	3,835	776
0,195016666666667	3,825	783
0,196666666666667	3,845	791
0,19835	3,825	796
0,2	3,83	805
0,201666666666667	3,83	808
0,20335	3,835	815
0,205	3,83	817
0,206683333333333	3,83	821
0,208333333333333	3,83	829
0,21	3,83	835
0,2117	3,83	845
0,213333333333333	3,83	849
0,215016666666667	3,83	857
0,216666666666667	3,825	864
0,21835	3,83	871
0,220016666666667	3,835	875
0,221666666666667	3,825	879
0,22335	3,825	885
0,225	3,825	893
0,226666666666667	3,835	903
0,22835	3,845	909
0,23	3,835	915
0,231683333333333	3,83	920
0,233333333333333	3,835	925
0,235	3,83	932
0,236683333333333	3,83	937
0,238333333333333	3,83	948
0,240016666666667	3,835	955
0,241666666666667	3,83	963
0,243333333333333	3,835	971
0,245016666666667	3,835	975
0,246666666666667	3,84	985
0,24835	3,835	991
0,25	3,835	1002
0,251683333333333	3,83	1008
0,253333333333333	3,835	1014
0,255	3,84	1021
0,256683333333333	3,84	1026
0,258333333333333	3,835	1032
0,26	3,835	1036
0,261666666666667	3,84	1043
0,263333333333333	3,845	1049
0,265016666666667	3,835	1058
0,266666666666667	3,835	1066
0,268333333333333	3,835	1073
0,27	3,83	1082
0,271666666666667	3,835	1089
0,27335	3,84	1097
0,275	3,83	1104
0,276683333333333	3,825	1109
0,278333333333333	3,83	1116
0,28	3,835	1124
0,281683333333333	3,835	1127
0,283333333333333	3,835	1129
0,285016666666667	3,835	1136
0,286666666666667	3,83	1142
0,288333333333333	3,835	1151
0,290016666666667	3,845	1158
0,291666666666667	3,84	1167
0,29335	3,83	1177
0,295	3,835	1180
0,296666666666667	3,835	1192
0,29835	3,83	1200
0,3	3,835	1208
0,301683333333333	3,835	1213
0,303333333333333	3,835	1221
0,305	3,83	1227
0,306683333333333	3,83	1237
0,308333333333333	3,83	1245
0,310016666666667	3,835	1253
0,311666666666667	3,835	1260
0,313333333333333	3,83	1264
0,315	3,825	1269
0,316666666666667	3,83	1274
0,31835	3,82	1278
0,32	3,83	1280
0,321666666666667	3,83	1284
0,323333333333333	3,825	1294
0,325	3,83	1302
0,326683333333333	3,825	1308
0,328333333333333	3,83	1312
0,33	3,83	1321
0,331666666666667	3,83	1333
0,333333333333333	3,82	1341
0,335016666666667	3,83	1347
0,336666666666667	3,83	1353
0,338333333333333	3,83	1362
0,34	3,835	1370
0,341666666666667	3,835	1377
0,34335	3,83	1381
0,345	3,83	1391
0,346666666666667	3,825	1394
0,348333333333333	3,83	1400
0,35	3,83	1403
0,351683333333333	3,825	1412
0,353333333333333	3,83	1420
0,355016666666667	3,83	1427
0,356666666666667	3,83	1434
0,358333333333333	3,83	1438
0,360016666666667	3,83	1447
0,361666666666667	3,835	1452
0,363333333333333	3,83	1459
0,365	3,825	1464
0,366666666666667	3,825	1468
0,36835	3,83	1479
0,37	3,83	1485
0,371666666666667	3,83	1487
0,373333333333333	3,835	1493
0,375	3,83	1500
0,376683333333333	3,835	1509
0,378333333333333	3,83	1514
0,380016666666667	3,83	1516
0,381666666666667	3,83	1521
0,383333333333333	3,83	1528
0,385	3,835	1530
0,386666666666667	3,825	1540
0,38835	3,83	1549
0,39	3,83	1556
0,391666666666667	3,83	1559
0,393333333333333	3,83	1566
0,395	3,825	1573
0,396683333333333	3,825	1579
0,398333333333333	3,825	1586
0,4	3,83	1590
0,401666666666667	3,825	1595
0,403333333333333	3,83	1600
0,405016666666667	3,83	1608
0,406666666666667	3,83	1615
0,408333333333333	3,83	1618
0,41	3,825	1624
0,411683333333333	3,825	1629
0,41335	3,835	1636
0,415	3,825	1641
0,416666666666667	3,825	1648
0,418333333333333	3,83	1655
0,42	3,825	1661
0,421683333333333	3,825	1669
0,423333333333333	3,825	1672
0,425	3,825	1678
0,426666666666667	3,825	1685
0,428333333333333	3,825	1692
0,430016666666667	3,825	1702
0,431666666666667	3,825	1707
0,433333333333333	3,83	1718
0,435	3,83	1729
0,436666666666667	3,835	1736
0,43835	3,83	1742
0,44	3,83	1749
0,441666666666667	3,83	1754
0,443333333333333	3,83	1759
0,445	3,83	1766
0,446666666666667	3,83	1771
0,448333333333333	3,835	1774
0,45	3,83	1779
0,451666666666667	3,83	1784
0,453333333333333	3,83	1789
0,455	3,83	1793
0,456666666666667	3,83	1802
0,458333333333333	3,83	1812
0,46	3,835	1821
0,461666666666667	3,825	1831
0,463333333333333	3,83	1835
0,465	3,835	1839
0,466683333333333	3,83	1847
0,468333333333333	3,83	1854
0,47	3,83	1863
0,471666666666667	3,84	1871
0,473333333333333	3,835	1876
0,475016666666667	3,83	1885
0,476666666666667	3,835	1891
0,478333333333333	3,835	1897
0,48	3,84	1900
0,481666666666667	3,835	1906
0,48335	3,83	1909
0,485	3,84	1914
0,486666666666667	3,84	1925
0,488333333333333	3,83	1931
0,49	3,83	1936
0,491683333333333	3,835	1940
0,493333333333333	3,835	1949
0,495	3,84	1953
0,496666666666667	3,83	1961
0,498333333333333	3,835	1967
0,500016666666667	3,84	1968
0,501666666666667	3,825	1980
0,503333333333333	3,83	1990
0,505	3,825	1997
0,506666666666667	3,84	2006
0,50835	3,835	2009
0,51	3,84	2014
0,511666666666667	3,83	2018
0,513333333333333	3,835	2023
0,515	3,835	2027
0,516666666666667	3,835	2034
0,518333333333333	3,84	2039
0,52	3,835	2045
0,521666666666667	3,83	2051
0,523333333333333	3,835	2060
0,525	3,835	2067
0,526666666666667	3,84	2074
0,528333333333333	3,84	2080
0,53	3,835	2083
0,531666666666667	3,84	2088
0,533333333333333	3,83	2098
0,535	3,835	2107
0,536666666666667	3,835	2113
0,538366666666667	3,835	2117
0,54	3,83	2125
0,541666666666667	3,835	2132
0,543333333333333	3,84	2136
0,545	3,84	2141
0,546666666666667	3,83	2146
0,548333333333333	3,825	2150
0,55	3,83	2160
0,551666666666667	3,835	2167
0,55335	3,84	2172
0,555	3,83	2179
0,556666666666667	3,825	2186
0,55835	3,83	2196
0,56	3,825	2203
0,561683333333333	3,84	2213
0,563333333333333	3,835	2220
0,565	3,83	2223
0,566666666666667	3,825	2229
0,568333333333333	3,835	2237
0,570016666666667	3,835	2240
0,571666666666667	3,83	2250
0,573333333333333	3,83	2255
0,575	3,825	2267
0,576666666666667	3,835	2275
0,578333333333333	3,83	2281
0,58	3,83	2287
0,581666666666667	3,825	2298
0,583333333333333	3,835	2300
0,585	3,835	2308
0,586666666666667	3,83	2316
0,588333333333333	3,83	2327
0,59	3,83	2333
0,591666666666667	3,83	2338
0,593333333333333	3,825	2345
0,595	3,83	2351
0,596666666666667	3,83	2358
0,598333333333333	3,83	2362
0,6	3,83	2370
0,601666666666667	3,84	2376
0,603333333333333	3,83	2384
0,605	3,83	2388
0,606666666666667	3,825	2393
0,608333333333333	3,83	2397
0,61	3,835	2404
0,611666666666667	3,83	2409
0,613333333333333	3,83	2414
0,615	3,83	2418
0,616666666666667	3,83	2428
0,618333333333333	3,83	2435
0,62	3,835	2443
0,621666666666667	3,83	2452
0,623333333333333	3,825	2460
0,625	3,82	2464
0,626666666666667	3,83	2473
0,628333333333333	3,83	2482
0,630016666666667	3,83	2486
0,631666666666667	3,83	2492
0,633333333333333	3,83	2500
0,635016666666667	3,83	2507
0,636666666666667	3,83	2514
0,638333333333333	3,83	2518
0,640016666666667	3,83	2528
0,641666666666667	3,83	2535
0,643333333333333	3,83	2540
0,645	3,83	2552
0,646666666666667	3,83	2556
0,648333333333333	3,82	2561
0,65	3,83	2575
0,651666666666667	3,83	2584
0,65335	3,825	2592
0,655	3,83	2599
0,656666666666667	3,83	2603
0,658333333333333	3,825	2607
0,66	3,83	2612
0,661666666666667	3,83	2618
0,663333333333333	3,82	2627
0,665	3,83	2638
0,666666666666667	3,83	2644
0,668333333333333	3,83	2645
0,67	3,83	2648
0,671683333333333	3,83	2653
0,673333333333333	3,83	2663
0,675	3,825	2670
0,676666666666667	3,83	2677
0,678333333333333	3,83	2686
0,68	3,825	2692
0,681666666666667	3,83	2697
0,683333333333333	3,825	2706
0,685	3,83	2712
0,686666666666667	3,83	2720
0,68835	3,825	2724
0,69	3,825	2728
0,691683333333333	3,83	2734
0,693333333333333	3,83	2743
0,695016666666667	3,83	2757
0,696683333333333	3,83	2764
0,69835	3,82	2769
0,7	3,83	2777
0,701666666666667	3,83	2781
0,70335	3,83	2785
0,705016666666667	3,825	2789
0,706666666666667	3,825	2795
0,708333333333333	3,83	2800
0,71	3,83	2801
0,711666666666667	3,83	2806
0,713333333333333	3,83	2811
0,715016666666667	3,82	2823
0,716666666666667	3,83	2829
0,718333333333333	3,83	2835
0,720016666666667	3,83	2841
0,721683333333333	3,825	2849
0,723333333333333	3,825	2856
0,725016666666667	3,825	2860
0,726666666666667	3,83	2865
0,728333333333333	3,83	2874
0,73	3,83	2881
0,731683333333333	3,83	2888
0,73335	3,825	2898
0,735	3,83	2902
0,736666666666667	3,83	2910
0,73835	3,825	2915
0,74	3,83	2919
0,741666666666667	3,83	2924
0,743333333333333	3,835	2930
0,745	3,83	2940
0,746683333333333	3,83	2949
0,74835	3,83	2953
0,750016666666667	3,825	2960
0,751683333333333	3,83	2974
0,75335	3,83	2979
0,755016666666667	3,83	2989
0,756683333333333	3,83	2997
0,75835	3,83	3003
0,76	3,83	3008
0,761683333333333	3,83	3016
0,76335	3,83	3023
0,765016666666667	3,83	3033
0,766683333333333	3,83	3040
0,76835	3,825	3051
0,770016666666667	3,83	3057
0,771683333333333	3,83	3065
0,773366666666667	3,83	3073
0,775016666666667	3,83	3078
0,776683333333333	3,825	3082
0,778333333333333	3,83	3090
0,78	3,835	3096
0,781683333333333	3,835	3099
0,78335	3,83	3104
0,785	3,835	3112
0,786683333333333	3,835	3120
0,788333333333333	3,83	3127
0,790016666666667	3,83	3130
0,791683333333333	3,835	3134
0,79335	3,83	3141
0,795	3,84	3151
0,796666666666667	3,83	3156
0,79835	3,83	3161
0,800016666666667	3,835	3167
0,801683333333333	3,83	3175
0,80335	3,835	3178
0,805	3,83	3183
0,806683333333333	3,84	3188
0,80835	3,84	3194
0,810016666666667	3,835	3201
0,8117	3,835	3207
0,813333333333333	3,835	3211
0,815016666666667	3,835	3218
0,816683333333333	3,835	3224
0,81835	3,825	3231
0,820016666666667	3,835	3242
0,821666666666667	3,835	3244
0,82335	3,84	3247
0,825016666666667	3,835	3253
0,826683333333333	3,83	3261
0,82835	3,83	3269
0,83	3,825	3277
0,831683333333333	3,845	3281
0,83335	3,84	3289
0,835016666666667	3,83	3295
0,836683333333333	3,84	3304
0,838333333333333	3,835	3310
0,840016666666667	3,835	3316
0,841683333333333	3,835	3323
0,84335	3,84	3324
0,845016666666667	3,835	3332
0,846683333333333	3,835	3338
0,84835	3,835	3340
0,85	3,835	3346
0,851683333333333	3,835	3354
0,85335	3,835	3362
0,855016666666667	3,835	3367
0,856683333333333	3,83	3374
0,858333333333333	3,835	3387
0,860016666666667	3,83	3391
0,861683333333333	3,835	3399
0,86335	3,835	3404
0,865016666666667	3,835	3409
0,866666666666667	3,84	3413
0,86835	3,83	3417
0,870016666666667	3,83	3426
0,871683333333333	3,835	3430
0,87335	3,835	3435
0,875	3,835	3443
0,876666666666667	3,85	3453
0,87835	3,83	3458
0,880016666666667	3,84	3464
0,881683333333333	3,83	3474
0,883333333333333	3,835	3479
0,885016666666667	3,835	3486
0,886683333333333	3,83	3500
0,88835	3,835	3506
0,890016666666667	3,835	3511
0,891666666666667	3,83	3515
0,89335	3,83	3523
0,895016666666667	3,83	3532
0,896683333333333	3,83	3541
0,89835	3,835	3546
0,9	3,835	3548
0,901683333333333	3,83	3557
0,90335	3,83	3561
0,905016666666667	3,835	3566
0,906683333333333	3,835	3573
0,908333333333333	3,825	3576
0,910016666666667	3,835	3588
0,911683333333333	3,83	3594
0,91335	3,84	3604
0,915016666666667	3,83	3609
0,916666666666667	3,83	3616
0,91835	3,83	3625
0,92	3,83	3629
0,921683333333333	3,835	3634
0,92335	3,83	3645
0,925016666666667	3,83	3653
0,926683333333333	3,83	3656
0,928333333333333	3,83	3666
0,930016666666667	3,835	3670
0,931683333333333	3,835	3678
0,933333333333333	3,83	3684
0,935016666666667	3,83	3688
0,936666666666667	3,83	3697
0,93835	3,83	3707
0,940016666666667	3,83	3712
0,941666666666667	3,835	3717
0,94335	3,83	3722
0,945	3,825	3730
0,946683333333333	3,83	3742
0,94835	3,835	3746
0,950016666666667	3,84	3754
0,951683333333333	3,825	3756
0,953333333333333	3,835	3762
0,955016666666667	3,835	3764
0,956683333333333	3,83	3772
0,95835	3,83	3778
0,960016666666667	3,825	3787
0,961683333333333	3,83	3794
0,96335	3,83	3800
0,965016666666667	3,83	3807
0,966683333333333	3,83	3814
0,96835	3,835	3817
0,97	3,82	3824
0,971683333333333	3,835	3832
0,97335	3,83	3837
0,975016666666667	3,83	3842
0,976683333333333	3,83	3849
0,978333333333333	3,83	3858
0,980016666666667	3,83	3861
0,981666666666667	3,83	3867
0,98335	3,835	3877
0,985016666666667	3,83	3882
0,986666666666667	3,835	3887
0,98835	3,825	3889
0,99	3,825	3895
0,991683333333333	3,83	3901
0,99335	3,83	3910
0,995	3,83	3915
0,996683333333333	3,83	3920
0,998333333333333	3,83	3925
1,00001666666667	3,83	3934
1,00168333333333	3,825	3946
1,00333333333333	3,83	3955
1,00501666666667	3,83	3963
1,00666666666667	3,825	3970
1,00835	3,83	3977
1,01001666666667	3,835	3986
1,01166666666667	3,83	3989
1,01335	3,83	3997
1,015	3,83	4010
1,01668333333333	3,83	4021
1,01836666666667	3,83	4031
1,02	3,83	4036
1,02168333333333	3,83	4043
1,02333333333333	3,83	4054
1,02501666666667	3,83	4062
1,02668333333333	3,83	4066
1,02833333333333	3,83	4075
1,03001666666667	3,83	4080
1,03166666666667	3,83	4090
1,03335	3,83	4100
1,03501666666667	3,83	4106
1,03666666666667	3,83	4111
1,03835	3,835	4125
1,04	3,84	4132
1,04168333333333	3,82	4137
1,04333333333333	3,83	4143
1,04501666666667	3,835	4151
1,04668333333333	3,825	4160
1,04833333333333	3,83	4169
1,05001666666667	3,83	4173
1,05166666666667	3,83	4180
1,05333333333333	3,83	4182
1,05501666666667	3,835	4190
1,05666666666667	3,83	4197
1,05835	3,835	4202
1,06	3,83	4208
1,06168333333333	3,825	4221
1,06335	3,83	4228
1,065	3,83	4235
1,06668333333333	3,83	4243
1,06833333333333	3,825	4248
1,07001666666667	3,825	4255
1,0717	3,83	4261
1,07333333333333	3,835	4264
1,07501666666667	3,835	4273
1,07666666666667	3,83	4279
1,07835	3,83	4287
1,08001666666667	3,83	4296
1,08166666666667	3,835	4300
1,08335	3,825	4308
1,085	3,83	4317
1,08668333333333	3,835	4321
1,08835	3,83	4328
1,09	3,83	4334
1,09168333333333	3,835	4341
1,09333333333333	3,835	4347
1,09501666666667	3,825	4354
1,09668333333333	3,835	4360
1,09833333333333	3,83	4362
1,10001666666667	3,83	4365
1,10166666666667	3,84	4368
1,10335	3,825	4381
1,10501666666667	3,835	4388
1,10671666666667	3,83	4393
1,10835	3,835	4401
1,11	3,835	4408
1,11168333333333	3,835	4418
1,11336666666667	3,83	4423
1,11501666666667	3,835	4428
1,11668333333333	3,835	4432
1,11833333333333	3,83	4438
1,12001666666667	3,83	4444
1,12166666666667	3,835	4449
1,12335	3,835	4456
1,12501666666667	3,835	4465
1,12666666666667	3,835	4469
1,12833333333333	3,835	4474
1,13	3,84	4478
1,13168333333333	3,83	4489
1,13335	3,835	4495
1,135	3,84	4500
1,13668333333333	3,84	4507
1,13833333333333	3,835	4515
1,14	3,835	4529
1,14168333333333	3,84	4541
1,14333333333333	3,835	4550
1,14501666666667	3,84	4557
1,14666666666667	3,835	4566
1,14835	3,84	4571
1,15001666666667	3,835	4574
1,15168333333333	3,835	4578
1,15335	3,835	4587
1,155	3,84	4589
1,15668333333333	3,84	4598
1,15835	3,84	4601
1,16	3,835	4606
1,16168333333333	3,84	4615
1,16333333333333	3,83	4624
1,16501666666667	3,835	4632
1,16668333333333	3,845	4639
1,16833333333333	3,83	4645
1,17001666666667	3,83	4656
1,17166666666667	3,835	4663
1,17335	3,835	4667
1,17501666666667	3,83	4676
1,17666666666667	3,835	4684
1,17835	3,835	4692
1,18	3,835	4696
1,18168333333333	3,835	4703
1,18333333333333	3,825	4714
1,185	3,83	4720
1,18668333333333	3,83	4722
1,18833333333333	3,83	4726
1,19001666666667	3,835	4732
1,19166666666667	3,83	4736
1,19333333333333	3,83	4743
1,19501666666667	3,83	4749
1,19666666666667	3,83	4755
1,19835	3,84	4761
1,2	3,83	4766
1,20166666666667	3,825	4772
1,20335	3,83	4778
1,205	3,83	4786
1,20668333333333	3,83	4792
1,20833333333333	3,825	4795
1,21	3,83	4800
1,21168333333333	3,83	4805
1,21333333333333	3,83	4812
1,21501666666667	3,83	4821
1,21666666666667	3,83	4830
1,21833333333333	3,83	4837
1,22	3,83	4843
1,22166666666667	3,83	4852
1,22335	3,83	4859
1,225	3,83	4865
1,22666666666667	3,83	4875
1,22835	3,83	4880
1,23	3,83	4884
1,23168333333333	3,83	4891
1,23333333333333	3,83	4897
1,235	3,83	4903
1,23668333333333	3,83	4907
1,23833333333333	3,83	4918
1,24001666666667	3,835	4924
1,24166666666667	3,825	4930
1,24335	3,825	4942
1,245	3,83	4947
1,24666666666667	3,825	4956
1,24835	3,825	4964
1,25	3,825	4969
1,25166666666667	3,83	4975
1,25333333333333	3,835	4980
1,255	3,825	4994
1,25668333333333	3,83	5000
1,25833333333333	3,82	5007
1,26001666666667	3,83	5012
1,26166666666667	3,83	5015
1,26333333333333	3,83	5020
1,26501666666667	3,83	5025
1,26666666666667	3,83	5034
1,26833333333333	3,83	5040
1,27	3,83	5046
1,27166666666667	3,83	5048
1,27335	3,82	5058
1,275	3,83	5066
1,27668333333333	3,83	5076
1,27833333333333	3,83	5081
1,28003333333333	3,825	5092
1,28168333333333	3,83	5096
1,28333333333333	3,825	5102
1,28501666666667	3,83	5107
1,28666666666667	3,825	5112
1,28833333333333	3,82	5117
1,29001666666667	3,83	5129
1,29166666666667	3,83	5134
1,29335	3,825	5145
1,295	3,83	5152
1,29666666666667	3,83	5160
1,29835	3,825	5167
1,3	3,83	5173
1,30168333333333	3,83	5182
1,30333333333333	3,83	5191
1,305	3,83	5200
1,30668333333333	3,83	5206
1,30833333333333	3,83	5212
1,31001666666667	3,83	5216
1,31166666666667	3,83	5220
1,31333333333333	3,83	5227
1,315	3,83	5231
1,31666666666667	3,83	5234
1,31835	3,83	5238
1,32	3,825	5249
1,32168333333333	3,82	5253
1,32335	3,83	5259
1,325	3,83	5264
1,32668333333333	3,83	5271
1,32833333333333	3,83	5281
1,33001666666667	3,83	5290
1,33166666666667	3,835	5301
1,33333333333333	3,83	5310
1,33501666666667	3,83	5319
1,33666666666667	3,83	5328
1,33836666666667	3,83	5333
1,34	3,83	5336
1,34166666666667	3,835	5340
1,34335	3,84	5348
1,345	3,835	5356
1,34668333333333	3,835	5361
1,34833333333333	3,835	5364
1,35	3,83	5376
1,35168333333333	3,84	5388
1,35333333333333	3,835	5392
1,35501666666667	3,83	5402
1,35666666666667	3,835	5406
1,35833333333333	3,83	5418
1,36001666666667	3,83	5425
1,36166666666667	3,835	5427
1,36335	3,835	5432
1,365	3,83	5440
1,36666666666667	3,835	5448
1,36835	3,83	5455
1,37	3,835	5464
1,37168333333333	3,825	5468
1,37336666666667	3,83	5482
1,375	3,835	5486
1,37666666666667	3,84	5494
1,37833333333333	3,84	5501
1,38001666666667	3,83	5512
1,3817	3,83	5520
1,38333333333333	3,84	5527
1,385	3,835	5532
1,38666666666667	3,84	5540
1,38835	3,835	5548
1,39	3,83	5558
1,39166666666667	3,835	5566
1,39333333333333	3,84	5572
1,395	3,84	5581
1,39668333333333	3,835	5589
1,39835	3,83	5594
1,4	3,83	5599
1,40166666666667	3,83	5607
1,40333333333333	3,84	5611
1,40501666666667	3,84	5614
1,40666666666667	3,83	5625
1,40833333333333	3,835	5632
1,41	3,835	5638
1,41166666666667	3,835	5649
1,41335	3,84	5662
1,415	3,83	5667
1,41666666666667	3,835	5670
1,41833333333333	3,835	5677
1,42001666666667	3,835	5688
1,42168333333333	3,835	5696
1,42333333333333	3,83	5708
1,42501666666667	3,835	5714
1,42666666666667	3,83	5721
1,42833333333333	3,825	5731
1,43001666666667	3,83	5740
1,43166666666667	3,825	5749
1,43335	3,83	5755
1,435	3,83	5763
1,43666666666667	3,82	5768
1,43835	3,83	5778
1,44	3,83	5782
1,44168333333333	3,83	5785
1,44333333333333	3,825	5792
1,445	3,83	5801
1,44666666666667	3,825	5804
1,44833333333333	3,83	5807
1,45001666666667	3,83	5816
1,45166666666667	3,83	5823
1,45333333333333	3,82	5828
1,455	3,83	5833
1,45666666666667	3,83	5843
1,45835	3,83	5854
1,46	3,83	5865
1,46166666666667	3,83	5871
1,46333333333333	3,83	5881
1,465	3,83	5887
1,46668333333333	3,835	5892
1,46833333333333	3,83	5901
1,47001666666667	3,825	5908
1,47166666666667	3,83	5915
1,47333333333333	3,83	5921
1,47501666666667	3,83	5933
1,47668333333333	3,83	5942
1,47833333333333	3,83	5949
1,48	3,83	5958
1,48166666666667	3,83	5970
1,48335	3,835	5972
1,485	3,83	5981
1,48666666666667	3,825	5983
1,48833333333333	3,83	5989
1,49001666666667	3,83	6000
1,49168333333333	3,83	6005
1,49333333333333	3,83	6010
1,495	3,835	6015
1,49666666666667	3,83	6020
1,49833333333333	3,83	6025
1,50001666666667	3,825	6030
1,50166666666667	3,83	6039
1,50333333333333	3,825	6047
1,505	3,83	6050
1,50666666666667	3,83	6053
1,50833333333333	3,83	6057
1,51	3,825	6065
1,51166666666667	3,835	6072
1,51333333333333	3,835	6076
1,515	3,83	6077
1,51666666666667	3,835	6081
1,51833333333333	3,825	6087
1,52	3,83	6092
1,52166666666667	3,83	6097
1,52333333333333	3,83	6103
1,525	3,83	6108
1,52666666666667	3,83	6114
1,52833333333333	3,83	6119
1,53	3,83	6132
1,53166666666667	3,83	6137
1,53333333333333	3,83	6147
1,535	3,835	6151
1,53668333333333	3,835	6162
1,53833333333333	3,85	6165
1,54	3,835	6172
1,54166666666667	3,83	6180
1,54333333333333	3,83	6186
1,545	3,83	6192
1,54666666666667	3,835	6198
1,54833333333333	3,83	6202
1,55	3,825	6210
1,55166666666667	3,83	6218
1,55335	3,83	6221
1,555	3,82	6230
1,55666666666667	3,83	6233
1,55833333333333	3,83	6239
1,56	3,83	6241
1,56168333333333	3,825	6247
1,56333333333333	3,83	6252
1,565	3,825	6259
1,56666666666667	3,83	6265
1,56833333333333	3,83	6273
1,57001666666667	3,83	6280
1,57166666666667	3,835	6289
1,57333333333333	3,83	6290
1,575	3,825	6297
1,57666666666667	3,83	6303
1,57833333333333	3,83	6310
1,58	3,83	6317
1,58166666666667	3,83	6321
1,58333333333333	3,835	6326
1,585	3,83	6330
1,58666666666667	3,825	6334
1,58833333333333	3,835	6339
1,59	3,83	6347
1,59166666666667	3,83	6354
1,59333333333333	3,83	6360
1,595	3,835	6366
1,59666666666667	3,835	6371
1,59833333333333	3,83	6375
1,6	3,835	6386
1,60166666666667	3,835	6395
1,60333333333333	3,83	6400
1,605	3,83	6406
1,60666666666667	3,835	6412
1,60833333333333	3,835	6418
1,61	3,835	6428
1,61166666666667	3,83	6436
1,61333333333333	3,83	6442
1,615	3,835	6452
1,61666666666667	3,83	6460
1,61833333333333	3,835	6464
1,62	3,83	6470
1,62166666666667	3,83	6479
1,62333333333333	3,83	6485
1,62501666666667	3,83	6500
1,62666666666667	3,835	6507
1,62833333333333	3,83	6511
1,63	3,83	6517
1,63166666666667	3,835	6523
1,63333333333333	3,83	6535
1,635	3,835	6544
1,63666666666667	3,83	6552
1,63833333333333	3,835	6560
1,64001666666667	3,83	6566
1,64166666666667	3,835	6576
1,64335	3,83	6583
1,645	3,83	6589
1,64666666666667	3,835	6598
1,64833333333333	3,83	6605
1,65	3,835	6612
1,65166666666667	3,835	6618
1,65333333333333	3,835	6628
1,655	3,83	6639
1,65666666666667	3,835	6651
1,65833333333333	3,83	6655
1,66	3,83	6663
1,66166666666667	3,84	6672
1,66333333333333	3,835	6677
1,665	3,835	6682
1,66666666666667	3,83	6689
1,66833333333333	3,835	6694
1,67	3,84	6703
1,67166666666667	3,84	6716
1,67333333333333	3,83	6724
1,675	3,835	6736
1,67666666666667	3,835	6741
1,67833333333333	3,835	6744
1,68	3,835	6753
1,68166666666667	3,835	6763
1,68333333333333	3,835	6768
1,685	3,84	6773
1,68666666666667	3,835	6781
1,68833333333333	3,835	6792
1,69	3,84	6802
1,69166666666667	3,825	6808
1,69335	3,835	6814
1,695	3,84	6819
1,69666666666667	3,835	6833
1,69833333333333	3,835	6838
1,7	3,84	6842
1,70166666666667	3,83	6847
1,70333333333333	3,83	6851
1,705	3,84	6860
1,70666666666667	3,84	6870
1,70833333333333	3,84	6876
1,71	3,835	6881
1,71166666666667	3,835	6888
1,71333333333333	3,835	6895
1,715	3,83	6902
1,71668333333333	3,825	6910
1,71833333333333	3,84	6918
1,72	3,84	6924
1,72168333333333	3,83	6929
1,72333333333333	3,835	6933
1,725	3,83	6944
1,72666666666667	3,84	6947
1,72833333333333	3,84	6954
1,73	3,84	6961
1,7317	3,835	6971
1,73333333333333	3,835	6975
1,73498333333333	3,835	6979
1,73668333333333	3,835	6988
1,73833333333333	3,835	6990
1,74	3,835	6998
1,74168333333333	3,835	7003
1,74333333333333	3,84	7008
1,745	3,83	7014
1,74666666666667	3,835	7020
1,74833333333333	3,835	7026
1,75001666666667	3,84	7027
1,75166666666667	3,84	7036
1,75335	3,835	7043
1,755	3,835	7048
1,75668333333333	3,84	7052
1,75833333333333	3,84	7054
1,76	3,835	7055
1,76166666666667	3,83	7063
1,76333333333333	3,83	7066
1,76501666666667	3,835	7073
1,76666666666667	3,835	7082
1,76835	3,83	7089
1,77	3,83	7094
1,77168333333333	3,835	7099
1,77333333333333	3,835	7107
1,77501666666667	3,84	7111
1,77666666666667	3,835	7120
1,77835	3,835	7131
1,78	3,84	7136
1,78166666666667	3,825	7145
1,78333333333333	3,835	7149
1,785	3,84	7160
1,78668333333333	3,84	7167
1,78833333333333	3,83	7171
1,79	3,835	7175
1,79166666666667	3,83	7186
1,79333333333333	3,83	7190
1,79501666666667	3,835	7197
1,79666666666667	3,83	7205
1,79833333333333	3,83	7210
1,80001666666667	3,83	7219
1,80168333333333	3,835	7229
1,80335	3,835	7237
1,805	3,83	7240
1,80666666666667	3,83	7246
1,80835	3,83	7255
1,81003333333333	3,835	7261
1,81166666666667	3,83	7266
1,81333333333333	3,83	7276
1,81501666666667	3,84	7285
1,81666666666667	3,83	7292
1,81835	3,835	7298
1,82	3,825	7307
1,82166666666667	3,83	7314
1,82333333333333	3,83	7318
1,82501666666667	3,83	7325
1,82668333333333	3,83	7332
1,82835	3,835	7338
1,83001666666667	3,815	7343
1,83168333333333	3,825	7347
1,83333333333333	3,825	7355
1,83501666666667	3,83	7367
1,83668333333333	3,83	7371
1,83835	3,835	7379
1,84	3,83	7387
1,84166666666667	3,825	7391
1,84335	3,83	7395
1,845	3,825	7399
1,84668333333333	3,83	7405
1,84835	3,83	7409
1,85	3,83	7414
1,8517	3,83	7419
1,85335	3,83	7424
1,85501666666667	3,83	7432
1,85668333333333	3,83	7438
1,85833333333333	3,835	7449
1,86001666666667	3,83	7455
1,86168333333333	3,825	7462
1,86335	3,83	7467
1,86501666666667	3,83	7469
1,86666666666667	3,83	7474
1,86835	3,83	7481
1,87001666666667	3,83	7487
1,87168333333333	3,83	7499
1,87335	3,83	7504
1,875	3,83	7506
1,87668333333333	3,825	7513
1,87835	3,825	7518
1,88001666666667	3,83	7525
1,88168333333333	3,825	7534
1,88338333333333	3,83	7542
1,88501666666667	3,83	7545
1,88668333333333	3,83	7556
1,88835	3,83	7563
1,89001666666667	3,825	7570
1,89166666666667	3,83	7578
1,89335	3,825	7583
1,89501666666667	3,82	7588
1,89668333333333	3,88	7599
1,89835	3,83	7604
1,9	3,83	7610
1,90168333333333	3,835	7618
1,90335	3,82	7629
1,90501666666667	3,83	7634
1,90668333333333	3,83	7637
1,90833333333333	3,83	7643
1,91001666666667	3,825	7648
1,91166666666667	3,83	7657
1,91335	3,825	7660
1,91501666666667	3,845	7668
1,91668333333333	3,83	7671
1,91835	3,83	7675
1,92	3,835	7675
1,92168333333333	3,835	7679
1,92335	3,83	7685
1,92501666666667	3,83	7697
1,92668333333333	3,83	7703
1,92833333333333	3,83	7709
1,93001666666667	3,83	7715
1,93168333333333	3,83	7729
1,93333333333333	3,83	7736
1,93501666666667	3,83	7744
1,93666666666667	3,83	7748
1,93835	3,835	7751
1,94001666666667	3,83	7760
1,94168333333333	3,835	7760
1,94335	3,83	7766
1,945	3,835	7769
1,94668333333333	3,83	7778
1,94835	3,83	7784
1,95001666666667	3,83	7789
1,95168333333333	3,835	7797
1,95333333333333	3,83	7803
1,95501666666667	3,83	7809
1,95668333333333	3,83	7816
1,95835	3,825	7826
1,96001666666667	3,835	7836
1,96166666666667	3,825	7841
1,96335	3,84	7844
1,96501666666667	3,825	7850
1,96668333333333	3,83	7857
1,96835	3,83	7864
1,97	3,835	7876
1,97168333333333	3,83	7888
1,97335	3,83	7893
1,97501666666667	3,83	7896
1,97668333333333	3,835	7901
1,97833333333333	3,83	7905
1,98001666666667	3,84	7916
1,98166666666667	3,84	7923
1,98336666666667	3,83	7930
1,98501666666667	3,845	7935
1,9867	3,83	7945
1,98835	3,835	7959
1,99	3,835	7964
1,99168333333333	3,83	7976
1,99335	3,835	7984
1,99501666666667	3,835	7991
1,99668333333333	3,835	7998
1,99833333333333	3,835	8005
2	3,835	8017
