MIN=0	-10	0
MAX=2	10	1000
SCALE=2	5	5
DEC=3	2	0
DEF="Zeit" t / min	"Spannung" U_B1 / V	"Ereignisse" N_A1
0	3,83	2
0,00165	3,83	7
0,00333333333333333	3,83	17
0,005	3,83	28
0,00666666666666667	3,83	43
0,00833333333333333	3,84	53
0,01	3,83	66
0,0116666666666667	3,83	75
0,0133333333333333	3,83	93
0,015	3,83	101
0,0166666666666667	3,83	112
0,0183333333333333	3,83	125
0,02	3,835	138
0,0216666666666667	3,835	147
0,0233333333333333	3,835	155
0,025	3,835	164
0,0266666666666667	3,835	179
0,0283333333333333	3,835	189
0,03	3,83	203
0,0316666666666667	3,84	218
0,0333333333333333	3,83	232
0,035	3,84	244
0,0366666666666667	3,835	269
0,0383333333333333	3,83	281
0,04	3,835	287
0,0416666666666667	3,835	294
0,0433333333333333	3,83	303
0,045	3,83	316
0,0466666666666667	3,83	331
0,0483333333333333	3,83	342
0,05	3,83	349
0,0516666666666667	3,835	359
0,0533333333333333	3,835	370
0,055	3,83	378
0,0566666666666667	3,835	392
0,0583333333333333	3,83	400
0,06	3,84	408
0,0616666666666667	3,835	413
0,0633333333333333	3,83	421
0,065	3,835	436
0,0666666666666667	3,835	440
0,06835	3,825	450
0,07	3,84	463
0,0716666666666667	3,83	474
0,0733333333333333	3,835	492
0,0749833333333333	3,84	503
0,0766666666666667	3,84	514
0,0783333333333333	3,84	529
0,08	3,835	538
0,0816666666666667	3,835	548
0,0833333333333333	3,83	556
0,085	3,835	572
0,0866833333333333	3,835	582
0,0883333333333333	3,83	592
0,09	3,83	600
0,0916833333333333	3,84	610
0,0933333333333333	3,83	628
0,095	3,83	636
0,0966833333333333	3,835	643
0,0983333333333333	3,835	654
0,1	3,83	667
0,101666666666667	3,83	682
0,10335	3,835	695
0,105	3,835	705
0,106666666666667	3,83	716
0,108333333333333	3,84	726
0,11	3,835	746
0,111666666666667	3,835	765
0,11335	3,835	780
0,115016666666667	3,835	795
0,116666666666667	3,83	804
0,118333333333333	3,83	819
0,120016666666667	3,835	828
0,121666666666667	3,835	841
0,12335	3,835	847
0,125016666666667	3,835	857
0,126683333333333	3,84	874
0,128316666666667	3,82	888
0,13005	3,83	902
0,131683333333333	3,835	909
0,133333333333333	3,835	915
0,135016666666667	3,835	924
0,136666666666667	3,83	933
0,13835	3,83	942
0,140016666666667	3,84	959
0,141683333333333	3,835	971
0,143333333333333	3,84	986
0,145	3,835	997
0,146666666666667	3,835	1007
0,14835	3,83	1014
0,15	3,84	1023
0,151683333333333	3,85	1031
0,153333333333333	3,83	1040
0,155	3,83	1061
0,156683333333333	3,835	1074
0,158333333333333	3,83	1085
0,160016666666667	3,82	1102
0,161666666666667	3,835	1114
0,16335	3,835	1128
0,165016666666667	3,835	1141
0,166683333333333	3,82	1153
0,168333333333333	3,83	1168
0,17	3,83	1183
0,171683333333333	3,835	1199
0,17335	3,83	1215
0,175016666666667	3,83	1226
0,176683333333333	3,83	1236
0,17835	3,825	1251
0,180016666666667	3,835	1259
0,181683333333333	3,83	1273
0,18335	3,825	1287
0,185016666666667	3,83	1302
0,186683333333333	3,835	1315
0,18835	3,83	1328
0,19	3,83	1346
0,191683333333333	3,83	1353
0,19335	3,835	1363
0,195016666666667	3,835	1381
0,196683333333333	3,835	1388
0,198333333333333	3,83	1406
0,200033333333333	3,825	1417
0,201683333333333	3,825	1427
0,20335	3,835	1435
0,205033333333333	3,835	1446
0,206666666666667	3,83	1461
0,20835	3,83	1469
0,210016666666667	3,83	1482
0,211683333333333	3,835	1499
0,21335	3,83	1511
0,215	3,825	1526
0,216683333333333	3,83	1538
0,21835	3,825	1547
0,220016666666667	3,83	1563
0,221683333333333	3,83	1574
0,223333333333333	3,835	1593
0,225016666666667	3,83	1599
0,226683333333333	3,815	1608
0,22835	3,83	1622
0,230016666666667	3,825	1634
0,231666666666667	3,83	1650
0,23335	3,83	1663
0,235016666666667	3,835	1670
0,236683333333333	3,835	1680
0,23835	3,835	1687
0,24	3,83	1705
0,241683333333333	3,83	1718
0,24335	3,825	1729
0,245016666666667	3,825	1744
0,246683333333333	3,83	1753
0,248333333333333	3,83	1759
0,250033333333333	3,83	1765
0,251666666666667	3,825	1778
0,25335	3,825	1794
0,255033333333333	3,835	1803
0,256683333333333	3,83	1813
0,25835	3,83	1818
0,26	3,835	1827
0,261683333333333	3,835	1839
0,26335	3,82	1846
0,265016666666667	3,83	1858
0,266683333333333	3,83	1875
0,268333333333333	3,83	1886
0,270016666666667	3,83	1890
0,271683333333333	3,835	1900
0,27335	3,83	1919
0,275016666666667	3,83	1931
0,276666666666667	3,83	1938
0,27835	3,83	1949
0,280016666666667	3,83	1968
0,281683333333333	3,835	1976
0,28335	3,83	1985
0,285	3,83	1995
0,286683333333333	3,83	2009
0,28835	3,83	2024
0,290033333333333	3,835	2035
0,291683333333333	3,83	2045
0,293333333333333	3,825	2061
0,295	3,83	2077
0,296683333333333	3,83	2084
0,298333333333333	3,825	2093
0,300016666666667	3,83	2103
0,301666666666667	3,83	2115
0,30335	3,83	2130
0,305016666666667	3,83	2149
0,306683333333333	3,83	2159
0,30835	3,825	2172
0,31	3,825	2187
0,311683333333333	3,83	2197
0,31335	3,83	2211
0,315016666666667	3,835	2219
0,316683333333333	3,83	2228
0,318333333333333	3,83	2250
0,320016666666667	3,83	2261
0,321666666666667	3,825	2278
0,32335	3,82	2293
0,325016666666667	3,83	2302
0,326666666666667	3,83	2320
0,32835	3,825	2333
0,33	3,835	2338
0,331683333333333	3,83	2345
0,33335	3,825	2360
0,335	3,83	2370
0,336683333333333	3,83	2388
0,338333333333333	3,825	2400
0,340016666666667	3,83	2412
0,341683333333333	3,83	2424
0,343333333333333	3,83	2438
0,345016666666667	3,83	2448
0,346666666666667	3,83	2460
0,34835	3,83	2472
0,350016666666667	3,83	2485
0,351666666666667	3,83	2496
0,35335	3,83	2509
0,355033333333333	3,83	2520
0,356683333333333	3,835	2526
0,35835	3,835	2532
0,36	3,83	2542
0,361683333333333	3,83	2555
0,363333333333333	3,825	2563
0,365016666666667	3,83	2571
0,366683333333333	3,835	2578
0,36835	3,835	2591
0,370016666666667	3,83	2607
0,371666666666667	3,82	2625
0,37335	3,82	2635
0,375016666666667	3,83	2645
0,376683333333333	3,825	2659
0,37835	3,835	2674
0,38	3,82	2681
0,381683333333333	3,83	2690
0,38335	3,83	2710
0,385016666666667	3,83	2724
0,386683333333333	3,83	2736
0,388333333333333	3,83	2754
0,390016666666667	3,83	2766
0,391666666666667	3,83	2769
0,393333333333333	3,83	2783
0,395016666666667	3,83	2796
0,396666666666667	3,825	2808
0,39835	3,83	2824
0,4	3,835	2833
0,401683333333333	3,835	2840
0,40335	3,83	2852
0,405	3,83	2864
0,406683333333333	3,83	2876
0,408333333333333	3,83	2884
0,410016666666667	3,825	2899
0,411683333333333	3,825	2919
0,413333333333333	3,83	2937
0,415016666666667	3,835	2952
0,4167	3,83	2959
0,41835	3,835	2969
0,420016666666667	3,83	2980
0,421666666666667	3,825	2991
0,42335	3,83	3010
0,425	3,815	3026
0,426683333333333	3,83	3047
0,42835	3,835	3054
0,43	3,83	3065
0,431683333333333	3,83	3080
0,433333333333333	3,835	3089
0,435016666666667	3,83	3097
0,436683333333333	3,83	3107
0,438333333333333	3,835	3116
0,440016666666667	3,83	3130
0,441666666666667	3,825	3143
0,44335	3,83	3159
0,445016666666667	3,83	3167
0,446666666666667	3,83	3179
0,44835	3,835	3189
0,45	3,835	3200
0,451683333333333	3,83	3211
0,453333333333333	3,83	3229
0,455	3,84	3241
0,456683333333333	3,835	3254
0,458333333333333	3,83	3268
0,460016666666667	3,83	3283
0,461666666666667	3,84	3293
0,46335	3,825	3304
0,465016666666667	3,835	3315
0,466666666666667	3,83	3331
0,46835	3,83	3338
0,47	3,84	3353
0,471683333333333	3,835	3362
0,47335	3,835	3367
0,475	3,83	3377
0,476683333333333	3,83	3388
0,478333333333333	3,83	3400
0,48	3,825	3418
0,481683333333333	3,835	3432
0,483333333333333	3,835	3448
0,485016666666667	3,835	3458
0,486666666666667	3,84	3466
0,48835	3,835	3477
0,490016666666667	3,83	3484
0,491666666666667	3,825	3497
0,49335	3,835	3502
0,495	3,835	3521
0,496683333333333	3,835	3534
0,49835	3,835	3549
0,5	3,84	3561
0,501683333333333	3,84	3573
0,503333333333333	3,835	3582
0,505016666666667	3,83	3598
0,506683333333333	3,84	3611
0,508333333333333	3,835	3622
0,510016666666667	3,845	3631
0,511666666666667	3,835	3645
0,51335	3,835	3662
0,515016666666667	3,84	3670
0,516666666666667	3,84	3681
0,51835	3,825	3690
0,52	3,835	3698
0,521683333333333	3,83	3706
0,523333333333333	3,84	3716
0,525	3,835	3727
0,526683333333333	3,84	3739
0,528333333333333	3,83	3749
0,530016666666667	3,835	3768
0,531666666666667	3,835	3783
0,533333333333333	3,835	3794
0,535016666666667	3,835	3801
0,536666666666667	3,84	3809
0,53835	3,83	3821
0,54	3,835	3832
0,541666666666667	3,835	3846
0,54335	3,84	3850
0,545	3,83	3858
0,546683333333333	3,84	3871
0,548333333333333	3,84	3879
0,55	3,845	3886
0,551683333333333	3,835	3895
0,553333333333333	3,835	3903
0,555	3,83	3920
0,556666666666667	3,835	3932
0,55835	3,835	3950
0,560016666666667	3,835	3959
0,561666666666667	3,83	3973
0,56335	3,84	3982
0,565	3,835	3994
0,566683333333333	3,835	4010
0,56835	3,83	4019
0,57	3,835	4026
0,571683333333333	3,835	4035
0,57335	3,84	4048
0,575016666666667	3,835	4057
0,576683333333333	3,83	4067
0,578333333333333	3,835	4078
0,580016666666667	3,825	4098
0,581666666666667	3,825	4109
0,583333333333333	3,83	4119
0,585	3,83	4128
0,586666666666667	3,83	4143
0,58835	3,83	4149
0,59	3,825	4159
0,591683333333333	3,845	4170
0,593333333333333	3,83	4183
0,595	3,83	4197
0,596683333333333	3,835	4209
0,598333333333333	3,825	4221
0,600016666666667	3,82	4237
0,601666666666667	3,83	4256
0,603333333333333	3,83	4264
0,605016666666667	3,83	4271
0,606666666666667	3,83	4281
0,608366666666667	3,835	4294
0,61	3,825	4307
0,611666666666667	3,825	4320
0,61335	3,83	4332
0,615	3,825	4343
0,616683333333333	3,835	4361
0,618333333333333	3,83	4371
0,62	3,83	4384
0,621683333333333	3,825	4392
0,623333333333333	3,825	4406
0,625016666666667	3,83	4422
0,626666666666667	3,83	4430
0,628333333333333	3,83	4443
0,630016666666667	3,83	4452
0,631666666666667	3,835	4460
0,63335	3,83	4468
0,635	3,83	4476
0,636666666666667	3,83	4490
0,63835	3,83	4505
0,64	3,83	4515
0,641683333333333	3,83	4526
0,643333333333333	3,83	4548
0,645	3,83	4560
0,646683333333333	3,83	4573
0,648333333333333	3,835	4587
0,650016666666667	3,825	4595
0,651666666666667	3,83	4605
0,65335	3,83	4613
0,655	3,835	4623
0,656666666666667	3,83	4635
0,65835	3,83	4645
0,66	3,825	4659
0,661683333333333	3,83	4666
0,663333333333333	3,825	4681
0,665	3,835	4691
0,666683333333333	3,83	4703
0,668333333333333	3,83	4713
0,670016666666667	3,83	4726
0,671666666666667	3,83	4737
0,673333333333333	3,825	4748
0,675016666666667	3,83	4761
0,676666666666667	3,825	4778
0,67835	3,83	4793
0,68	3,865	4801
0,681666666666667	3,83	4809
0,68335	3,825	4816
0,685	3,83	4832
0,686683333333333	3,83	4847
0,688333333333333	3,825	4858
0,69	3,825	4871
0,691683333333333	3,83	4881
0,693333333333333	3,825	4890
0,695016666666667	3,83	4898
0,696666666666667	3,83	4913
0,698333333333333	3,83	4926
0,700016666666667	3,835	4934
0,701666666666667	3,83	4945
0,70335	3,825	4954
0,705	3,825	4962
0,706666666666667	3,82	4969
0,70835	3,825	4985
0,71	3,83	4995
0,711683333333333	3,83	5009
0,713333333333333	3,83	5023
0,715	3,83	5035
0,716683333333333	3,83	5045
0,718333333333333	3,84	5050
0,720016666666667	3,835	5061
0,721666666666667	3,83	5067
0,723333333333333	3,825	5077
0,725	3,835	5088
0,726666666666667	3,83	5099
0,72835	3,825	5110
0,73	3,83	5122
0,731666666666667	3,83	5133
0,733333333333333	3,83	5143
0,735	3,83	5153
0,736683333333333	3,83	5164
0,738333333333333	3,835	5170
0,740033333333333	3,83	5178
0,741666666666667	3,83	5191
0,743333333333333	3,83	5202
0,745016666666667	3,825	5210
0,746666666666667	3,83	5225
0,74835	3,825	5234
0,75	3,825	5243
0,751666666666667	3,83	5255
0,75335	3,83	5270
0,755	3,82	5286
0,756683333333333	3,82	5302
0,758333333333333	3,83	5313
0,76	3,835	5329
0,761683333333333	3,83	5339
0,763333333333333	3,83	5353
0,765	3,825	5358
0,766666666666667	3,83	5370
0,768333333333333	3,83	5376
0,770016666666667	3,835	5392
0,771666666666667	3,82	5405
0,77335	3,83	5417
0,775	3,83	5424
0,776666666666667	3,83	5437
0,77835	3,83	5444
0,78	3,83	5459
0,781683333333333	3,83	5468
0,783333333333333	3,83	5481
0,785	3,83	5493
0,786666666666667	3,825	5510
0,788333333333333	3,83	5520
0,790016666666667	3,825	5528
0,791666666666667	3,83	5544
0,79335	3,83	5553
0,795	3,835	5566
0,796666666666667	3,83	5575
0,79835	3,825	5584
0,8	3,835	5592
0,801666666666667	3,83	5606
0,803333333333333	3,835	5616
0,805	3,83	5629
0,806683333333333	3,82	5639
0,808333333333333	3,83	5656
0,81	3,835	5669
0,811666666666667	3,835	5682
0,813333333333333	3,83	5697
0,815016666666667	3,825	5711
0,816666666666667	3,835	5720
0,818333333333333	3,825	5738
0,82	3,835	5752
0,821666666666667	3,835	5766
0,82335	3,83	5775
0,825	3,835	5788
0,826666666666667	3,835	5797
0,828333333333333	3,845	5809
0,83	3,84	5820
0,831683333333333	3,835	5830
0,833333333333333	3,83	5848
0,835	3,835	5860
0,836666666666667	3,84	5866
0,838333333333333	3,84	5878
0,840016666666667	3,835	5885
0,841666666666667	3,835	5895
0,843333333333333	3,84	5905
0,845	3,835	5919
0,846666666666667	3,835	5925
0,84835	3,835	5938
0,85	3,835	5947
0,851666666666667	3,835	5959
0,853333333333333	3,83	5974
0,855	3,83	5984
0,856666666666667	3,84	5994
0,858333333333333	3,835	6004
0,860016666666667	3,84	6023
0,861666666666667	3,835	6037
0,863333333333333	3,84	6052
0,865	3,835	6062
0,866666666666667	3,835	6072
0,86835	3,84	6083
0,87	3,835	6086
0,871666666666667	3,835	6089
0,873333333333333	3,835	6096
0,875	3,835	6103
0,876683333333333	3,835	6115
0,878333333333333	3,84	6125
0,88	3,83	6134
0,881666666666667	3,835	6150
0,883333333333333	3,83	6156
0,885016666666667	3,84	6167
0,886666666666667	3,835	6175
0,888333333333333	3,84	6186
0,890016666666667	3,84	6202
0,891666666666667	3,83	6213
0,89335	3,835	6225
0,895	3,835	6235
0,896666666666667	3,825	6247
0,898333333333333	3,83	6262
0,9	3,83	6273
0,901683333333333	3,84	6286
0,903333333333333	3,83	6298
0,905	3,83	6314
0,906666666666667	3,83	6325
0,908333333333333	3,83	6335
0,910016666666667	3,82	6349
0,911666666666667	3,83	6359
0,913333333333333	3,83	6376
0,915	3,83	6392
0,916666666666667	3,83	6405
0,918333333333333	3,83	6415
0,92	3,83	6429
0,921666666666667	3,83	6435
0,923333333333333	3,835	6443
0,925	3,825	6455
0,926666666666667	3,835	6471
0,928333333333333	3,82	6487
0,93	3,83	6504
0,931666666666667	3,825	6515
0,933333333333333	3,82	6533
0,935	3,83	6548
0,936666666666667	3,835	6566
0,93835	3,835	6575
0,94	3,83	6590
0,941666666666667	3,83	6606
0,943333333333333	3,83	6617
0,945	3,835	6627
0,946683333333333	3,835	6641
0,948333333333333	3,835	6651
0,95	3,83	6662
0,951666666666667	3,83	6677
0,953333333333333	3,83	6688
0,955	3,825	6700
0,956666666666667	3,83	6714
0,958333333333333	3,83	6729
0,96	3,835	6733
0,961666666666667	3,83	6745
0,96335	3,83	6755
0,965	3,83	6767
0,966666666666667	3,825	6778
0,968333333333333	3,83	6790
0,97	3,825	6802
0,971683333333333	3,83	6818
0,973333333333333	3,825	6831
0,975	3,825	6844
0,976666666666667	3,83	6856
0,978333333333333	3,83	6863
0,980016666666667	3,825	6877
0,981666666666667	3,825	6894
0,983333333333333	3,83	6906
0,985	3,83	6914
0,986666666666667	3,83	6928
0,988333333333333	3,83	6941
0,99	3,83	6952
0,991666666666667	3,83	6962
0,993333333333333	3,83	6980
0,995	3,84	6988
0,996666666666667	3,83	7001
0,998333333333333	3,835	7009
1	3,83	7020
1,00166666666667	3,83	7029
1,00333333333333	3,83	7041
1,00501666666667	3,83	7050
1,00666666666667	3,83	7058
1,00833333333333	3,825	7070
1,01	3,83	7082
1,01168333333333	3,83	7094
1,01333333333333	3,83	7102
1,015	3,815	7112
1,01666666666667	3,83	7126
1,01833333333333	3,83	7134
1,02	3,83	7147
1,02166666666667	3,83	7153
1,02333333333333	3,825	7161
1,025	3,83	7173
1,02666666666667	3,84	7186
1,02833333333333	3,835	7198
1,03001666666667	3,83	7210
1,03166666666667	3,83	7220
1,03333333333333	3,83	7231
1,035	3,83	7237
1,03666666666667	3,83	7246
1,03833333333333	3,83	7260
1,04	3,83	7267
1,04166666666667	3,82	7280
1,04333333333333	3,83	7293
1,045	3,835	7298
1,04666666666667	3,83	7307
1,04833333333333	3,83	7321
1,05	3,83	7331
1,05166666666667	3,83	7342
1,05333333333333	3,83	7354
1,055	3,83	7367
1,05666666666667	3,825	7375
1,05833333333333	3,83	7388
1,06	3,825	7394
1,06166666666667	3,83	7409
1,06333333333333	3,82	7420
1,065	3,83	7435
1,06666666666667	3,825	7444
1,06833333333333	3,835	7451
1,07	3,825	7465
1,07166666666667	3,83	7473
1,07333333333333	3,825	7487
1,075	3,83	7500
1,07666666666667	3,83	7512
1,07835	3,825	7521
1,08	3,83	7530
1,08166666666667	3,83	7538
1,08333333333333	3,83	7548
1,08501666666667	3,83	7561
1,08666666666667	3,83	7571
1,08833333333333	3,825	7592
1,09	3,83	7600
1,09166666666667	3,83	7609
1,09333333333333	3,83	7624
1,095	3,83	7632
1,09666666666667	3,835	7645
1,09833333333333	3,83	7651
1,1	3,83	7663
1,10166666666667	3,83	7679
1,10333333333333	3,825	7690
1,105	3,825	7701
1,10666666666667	3,835	7714
1,10833333333333	3,825	7722
1,11	3,83	7734
1,11166666666667	3,83	7742
1,11333333333333	3,825	7757
1,115	3,83	7770
1,11666666666667	3,83	7781
1,11835	3,835	7795
1,12	3,825	7806
1,12166666666667	3,83	7813
1,12333333333333	3,83	7824
1,125	3,825	7833
1,12666666666667	3,83	7849
1,12831666666667	3,83	7858
1,13001666666667	3,825	7871
1,13166666666667	3,83	7882
1,13333333333333	3,83	7897
1,135	3,83	7901
1,13665	3,825	7911
1,13833333333333	3,83	7922
1,14	3,83	7933
1,14168333333333	3,83	7938
1,14335	3,835	7953
1,145	3,83	7960
1,14666666666667	3,83	7972
1,14833333333333	3,83	7980
1,15	3,83	7992
1,15168333333333	3,83	8002
1,15333333333333	3,825	8015
1,155	3,83	8029
1,15666666666667	3,83	8035
1,15835	3,825	8048
1,16	3,83	8058
1,16166666666667	3,83	8067
1,16333333333333	3,83	8074
1,16501666666667	3,825	8086
1,16666666666667	3,825	8095
1,16833333333333	3,825	8106
1,17001666666667	3,83	8118
1,17166666666667	3,83	8134
1,17335	3,83	8147
1,175	3,83	8157
1,17668333333333	3,83	8166
1,17835	3,825	8174
1,18001666666667	3,83	8189
1,18166666666667	3,83	8200
1,18335	3,83	8210
1,18501666666667	3,82	8221
1,18666666666667	3,83	8232
1,18835	3,825	8241
1,19	3,83	8250
1,19166666666667	3,82	8256
1,19333333333333	3,825	8274
1,195	3,83	8286
1,19668333333333	3,81	8289
1,19831666666667	3,83	8311
1,2	3,825	8323
1,20166666666667	3,83	8335
1,20333333333333	3,83	8345
1,20501666666667	3,83	8358
1,20666666666667	3,835	8373
1,20833333333333	3,825	8380
1,21	3,825	8392
1,21168333333333	3,83	8403
1,21335	3,83	8416
1,215	3,835	8424
1,21668333333333	3,82	8433
1,21833333333333	3,83	8454
1,22	3,83	8465
1,22168333333333	3,83	8474
1,22333333333333	3,835	8481
1,225	3,83	8488
1,2267	3,825	8500
1,22835	3,825	8513
1,23001666666667	3,83	8527
1,23168333333333	3,83	8534
1,23335	3,83	8545
1,23501666666667	3,83	8556
1,23668333333333	3,83	8562
1,23835	3,82	8574
1,24	3,83	8588
1,24168333333333	3,835	8596
1,24335	3,83	8607
1,24501666666667	3,83	8611
1,24668333333333	3,83	8618
1,24835	3,83	8628
1,25001666666667	3,835	8642
1,25166666666667	3,83	8653
1,25335	3,83	8664
1,25501666666667	3,83	8682
1,25666666666667	3,835	8693
1,25835	3,83	8708
1,26	3,83	8721
1,26168333333333	3,83	8729
1,26335	3,83	8738
1,26501666666667	3,83	8748
1,26668333333333	3,83	8759
1,26833333333333	3,83	8770
1,27001666666667	3,83	8781
1,27168333333333	3,835	8799
1,27335	3,83	8809
1,27501666666667	3,825	8825
1,27666666666667	3,83	8835
1,27835	3,835	8842
1,28001666666667	3,83	8850
1,28168333333333	3,83	8856
1,28335	3,83	8863
1,285	3,825	8875
1,28668333333333	3,83	8887
1,28835	3,825	8895
1,29001666666667	3,83	8904
1,29168333333333	3,83	8916
1,29333333333333	3,83	8927
1,29501666666667	3,82	8938
1,29668333333333	3,83	8948
1,29835	3,865	8959
1,30001666666667	3,84	8975
1,30166666666667	3,835	8983
1,30335	3,815	8993
1,30501666666667	3,83	9003
1,30668333333333	3,83	9012
1,30835	3,82	9024
1,31	3,83	9036
1,31168333333333	3,825	9044
1,31335	3,83	9055
1,31501666666667	3,83	9065
1,31668333333333	3,825	9080
1,31833333333333	3,83	9093
1,32001666666667	3,83	9106
1,32166666666667	3,83	9117
1,32335	3,83	9124
1,32501666666667	3,83	9139
1,32668333333333	3,83	9149
1,32835	3,83	9159
1,33	3,835	9178
1,33168333333333	3,83	9193
1,33335	3,83	9201
1,335	3,825	9210
1,33668333333333	3,825	9225
1,33833333333333	3,83	9235
1,34001666666667	3,825	9247
1,34168333333333	3,83	9260
1,34335	3,83	9269
1,34501666666667	3,83	9276
1,34666666666667	3,83	9294
1,34835	3,825	9307
1,35001666666667	3,83	9317
1,35168333333333	3,83	9328
1,35335	3,83	9334
1,35503333333333	3,83	9344
1,35668333333333	3,825	9359
1,35835	3,83	9372
1,36001666666667	3,83	9388
1,36168333333333	3,845	9406
1,36333333333333	3,83	9411
1,36501666666667	3,82	9426
1,36668333333333	3,83	9438
1,36835	3,83	9448
1,37001666666667	3,825	9460
1,37166666666667	3,83	9473
1,37335	3,83	9487
1,37501666666667	3,83	9499
1,37668333333333	3,825	9508
1,37836666666667	3,83	9523
1,38	3,83	9535
1,38168333333333	3,83	9550
1,38333333333333	3,83	9562
1,38501666666667	3,825	9572
1,38668333333333	3,83	9588
1,38833333333333	3,83	9599
1,39001666666667	3,83	9612
1,39166666666667	3,825	9626
1,39335	3,83	9639
1,39501666666667	3,83	9655
1,39666666666667	3,83	9666
1,39835	3,82	9680
1,4	3,825	9692
1,40168333333333	3,825	9706
1,40336666666667	3,835	9713
1,405	3,83	9729
1,40668333333333	3,83	9735
1,40833333333333	3,83	9744
1,41001666666667	3,83	9754
1,41168333333333	3,825	9765
1,41335	3,83	9776
1,41501666666667	3,84	9788
1,41666666666667	3,83	9797
1,41835	3,83	9808
1,42001666666667	3,83	9825
1,42166666666667	3,815	9836
1,42335	3,83	9845
1,425	3,825	9859
1,42668333333333	3,83	9871
1,42835	3,835	9884
1,43001666666667	3,825	9895
1,43168333333333	3,825	9906
1,43333333333333	3,83	9915
1,43501666666667	3,83	9929
1,4367	3,83	9942
1,43835	3,82	9952
1,44001666666667	3,835	9967
1,44166666666667	3,83	9983
1,44333333333333	3,83	9996
1,44501666666667	3,83	10011
1,44668333333333	3,83	10024
1,44835	3,83	10039
1,45	3,83	10047
1,45168333333333	3,83	10057
1,45333333333333	3,835	10068
1,45501666666667	3,835	10078
1,45668333333333	3,83	10089
1,45833333333333	3,83	10101
1,46	3,83	10112
1,46166666666667	3,83	10118
1,46335	3,825	10129
1,46501666666667	3,825	10140
1,46666666666667	3,83	10147
1,46835	3,83	10163
1,47	3,83	10173
1,47166666666667	3,825	10183
1,47335	3,83	10195
1,475	3,825	10205
1,47668333333333	3,835	10216
1,47833333333333	3,83	10225
1,48001666666667	3,83	10233
1,48168333333333	3,83	10242
1,48333333333333	3,825	10248
1,48501666666667	3,825	10263
1,48666666666667	3,83	10280
1,48835	3,83	10293
1,49	3,83	10297
1,49166666666667	3,83	10309
1,49335	3,835	10324
1,495	3,82	10334
1,49668333333333	3,83	10346
1,49835	3,83	10356
1,5	3,835	10369
1,50168333333333	3,83	10375
1,50333333333333	3,83	10387
1,50501666666667	3,84	10399
1,50668333333333	3,83	10410
1,50833333333333	3,825	10419
1,51001666666667	3,835	10427
1,51166666666667	3,83	10438
1,51335	3,83	10446
1,515	3,845	10454
1,51668333333333	3,83	10466
1,51835	3,83	10475
1,52	3,83	10490
1,52168333333333	3,825	10504
1,52333333333333	3,825	10521
1,52501666666667	3,83	10538
1,52668333333333	3,835	10547
1,52833333333333	3,83	10553
1,53001666666667	3,825	10566
1,53166666666667	3,83	10577
1,53335	3,835	10580
1,53501666666667	3,825	10594
1,53668333333333	3,835	10611
1,53835	3,825	10621
1,54	3,84	10633
1,54168333333333	3,825	10644
1,54335	3,825	10661
1,54501666666667	3,83	10675
1,5467	3,83	10686
1,54833333333333	3,83	10695
1,55001666666667	3,83	10709
1,55168333333333	3,835	10722
1,55335	3,82	10734
1,55501666666667	3,835	10750
1,55666666666667	3,825	10765
1,55835	3,83	10776
1,56001666666667	3,83	10786
1,56166666666667	3,825	10798
1,56335	3,825	10812
1,565	3,83	10824
1,56668333333333	3,83	10835
1,56835	3,83	10844
1,57015	3,835	10853
1,57166666666667	3,83	10859
1,57333333333333	3,825	10873
1,57501666666667	3,83	10881
1,57668333333333	3,825	10891
1,57833333333333	3,83	10904
1,58001666666667	3,83	10909
1,58166666666667	3,825	10920
1,58335	3,83	10934
1,585	3,835	10942
1,58668333333333	3,83	10956
1,58835	3,83	10968
1,59	3,83	10981
1,59168333333333	3,835	10990
1,59333333333333	3,835	10998
1,595	3,815	11013
1,59668333333333	3,83	11031
1,59833333333333	3,83	11046
1,60001666666667	3,825	11060
1,60166666666667	3,825	11067
1,60333333333333	3,825	11078
1,60501666666667	3,83	11088
1,60666666666667	3,83	11098
1,60835	3,81	11111
1,61	3,83	11121
1,61168333333333	3,83	11129
1,61335	3,83	11137
1,615	3,83	11149
1,61668333333333	3,83	11163
1,61833333333333	3,83	11175
1,62	3,83	11187
1,62168333333333	3,83	11203
1,62333333333333	3,835	11214
1,62501666666667	3,83	11222
1,62666666666667	3,83	11239
1,62833333333333	3,82	11258
1,63001666666667	3,83	11269
1,63166666666667	3,825	11283
1,63335	3,835	11294
1,635	3,83	11304
1,63668333333333	3,825	11314
1,63835	3,83	11327
1,64	3,83	11336
1,64168333333333	3,81	11359
1,64333333333333	3,83	11368
1,64501666666667	3,83	11385
1,64668333333333	3,83	11398
1,64833333333333	3,83	11410
1,65001666666667	3,83	11419
1,65166666666667	3,83	11428
1,65335	3,825	11442
1,655	3,83	11452
1,65666666666667	3,83	11470
1,65835	3,82	11484
1,66	3,83	11494
1,66168333333333	3,82	11503
1,66333333333333	3,83	11517
1,665	3,83	11530
1,66668333333333	3,83	11545
1,66833333333333	3,83	11553
1,67001666666667	3,83	11566
1,67166666666667	3,835	11579
1,67333333333333	3,83	11586
1,67501666666667	3,83	11593
1,67666666666667	3,825	11606
1,67835	3,83	11615
1,68	3,83	11628
1,68166666666667	3,83	11643
1,68335	3,83	11656
1,685	3,83	11674
1,68668333333333	3,835	11687
1,68833333333333	3,825	11698
1,69	3,83	11710
1,69168333333333	3,83	11724
1,69333333333333	3,825	11740
1,69501666666667	3,835	11755
1,69665	3,835	11768
1,69833333333333	3,825	11780
1,70001666666667	3,83	11798
1,70166666666667	3,82	11809
1,70335	3,825	11816
1,705	3,83	11829
1,70666666666667	3,83	11843
1,70835	3,825	11856
1,71	3,82	11865
1,71168333333333	3,83	11879
1,71333333333333	3,835	11888
1,71501666666667	3,83	11893
1,71666666666667	3,825	11906
1,71833333333333	3,83	11917
1,72001666666667	3,83	11926
1,72166666666667	3,83	11935
1,72335	3,83	11946
1,725	3,835	11960
1,72666666666667	3,83	11973
1,72835	3,83	11989
1,73	3,83	11997
1,73166666666667	3,83	12007
1,73333333333333	3,835	12017
1,735	3,835	12023
1,73668333333333	3,83	12041
1,73833333333333	3,83	12054
1,74	3,83	12066
1,74166666666667	3,83	12080
1,74335	3,825	12091
1,74501666666667	3,835	12104
1,74666666666667	3,83	12112
1,74835	3,83	12121
1,75	3,83	12137
1,75166666666667	3,825	12147
1,75335	3,835	12153
1,755	3,825	12161
1,75668333333333	3,83	12180
1,75833333333333	3,83	12188
1,76	3,835	12195
1,76168333333333	3,83	12206
1,76333333333333	3,835	12214
1,76501666666667	3,835	12228
1,76666666666667	3,835	12237
1,76833333333333	3,83	12254
1,77001666666667	3,835	12268
1,77166666666667	3,83	12280
1,77335	3,83	12299
1,775	3,83	12306
1,77666666666667	3,835	12313
1,77833333333333	3,83	12322
1,78	3,835	12333
1,78168333333333	3,82	12350
1,78333333333333	3,835	12366
1,785	3,835	12374
1,78666666666667	3,83	12391
1,78833333333333	3,83	12400
1,79001666666667	3,835	12413
1,79166666666667	3,835	12419
1,79335	3,835	12428
1,795	3,84	12443
1,79666666666667	3,835	12450
1,79835	3,83	12458
1,8	3,84	12473
1,80168333333333	3,835	12480
1,80333333333333	3,83	12491
1,805	3,835	12496
1,80668333333333	3,83	12509
1,80833333333333	3,83	12517
1,81	3,835	12529
1,81166666666667	3,83	12544
1,81333333333333	3,835	12559
1,81501666666667	3,825	12575
1,81666666666667	3,835	12585
1,81835	3,835	12600
1,82	3,835	12613
1,82166666666667	3,835	12624
1,82335	3,83	12633
1,825	3,835	12644
1,8267	3,835	12652
1,82833333333333	3,835	12661
1,83	3,84	12669
1,83168333333333	3,84	12678
1,83333333333333	3,84	12687
1,835	3,835	12694
1,83666666666667	3,83	12709
1,83833333333333	3,84	12716
1,84001666666667	3,84	12725
1,84166666666667	3,835	12735
1,84335	3,83	12748
1,845	3,83	12765
1,84666666666667	3,83	12779
1,84833333333333	3,84	12793
1,85	3,835	12804
1,85168333333333	3,835	12818
1,85333333333333	3,835	12829
1,855	3,825	12843
1,85666666666667	3,835	12857
1,85833333333333	3,835	12863
1,86001666666667	3,83	12874
1,86166666666667	3,835	12883
1,86333333333333	3,84	12890
1,865	3,83	12910
1,86666666666667	3,84	12919
1,86835	3,825	12928
1,87	3,84	12937
1,87166666666667	3,835	12947
1,87333333333333	3,835	12966
1,875	3,83	12975
1,87668333333333	3,835	12983
1,87833333333333	3,835	12995
1,88	3,83	13006
1,88168333333333	3,84	13025
1,88333333333333	3,835	13031
1,88501666666667	3,835	13043
1,88666666666667	3,835	13059
1,88833333333333	3,835	13070
1,89	3,83	13084
1,89166666666667	3,83	13095
1,89335	3,84	13108
1,895	3,835	13123
1,89668333333333	3,84	13136
1,89833333333333	3,83	13146
1,9	3,835	13167
1,90168333333333	3,835	13186
1,90335	3,835	13195
1,905	3,825	13208
1,90666666666667	3,835	13220
1,90833333333333	3,84	13229
1,91001666666667	3,835	13245
1,91166666666667	3,83	13251
1,91333333333333	3,83	13262
1,915	3,83	13274
1,91666666666667	3,835	13285
1,91833333333333	3,83	13294
1,92	3,835	13307
1,92168333333333	3,835	13318
1,92333333333333	3,83	13325
1,925	3,84	13341
1,92666666666667	3,825	13351
1,92833333333333	3,825	13361
1,93	3,83	13369
1,93166666666667	3,83	13379
1,93335	3,835	13385
1,935	3,83	13394
1,93666666666667	3,83	13408
1,93835	3,835	13418
1,94	3,825	13427
1,94166666666667	3,83	13440
1,94333333333333	3,83	13449
1,945	3,83	13460
1,94666666666667	3,83	13467
1,94833333333333	3,83	13480
1,95	3,83	13496
1,95166666666667	3,835	13505
1,95333333333333	3,825	13514
1,95501666666667	3,825	13527
1,95666666666667	3,83	13538
1,95833333333333	3,83	13548
1,96	3,83	13558
1,96166666666667	3,82	13569
1,96335	3,83	13582
1,965	3,835	13588
1,96666666666667	3,83	13595
1,96833333333333	3,83	13605
1,97	3,835	13615
1,97168333333333	3,835	13627
1,97333333333333	3,83	13641
1,975	3,83	13650
1,97666666666667	3,825	13663
1,97833333333333	3,83	13673
1,98	3,83	13680
1,98166666666667	3,83	13701
1,98333333333333	3,83	13709
1,985	3,825	13721
1,98666666666667	3,83	13732
1,98833333333333	3,83	13742
1,99	3,835	13752
1,99168333333333	3,83	13760
1,99333333333333	3,83	13772
1,995	3,815	13782
1,99666666666667	3,835	13797
1,99833333333333	3,83	13810
