MIN=0	-10	0
MAX=30	10	10
SCALE=30	5	5
DEC=1	2	0
DEF="Zeit" t / s	"Spannung" U_B1 / V	"Rate" R_A1 / 1/s
1,101	0,54	0
2,301	0,53	0
3,501	0,54	0
4,7	0,54	0
5,901	0,53	0
7,101	0,535	0
8,301	0,535	0
9,5	0,54	0
10,7	0,54	0
11,801	0,53	0
12,901	0,535	0
14,101	0,535	0
15,301	0,535	0
16,5	0,54	0
17,7	0,535	0
18,801	0,54	0
20	0,53	0
21,2	0,54	0
22,401	0,54	0
23,601	0,535	0
24,8	0,54	0
26	0,535	0
27,101	0,535	0
28,3	0,535	0
29,5	0,54	0
MIN=0	-10	0
MAX=30	10	10
SCALE=30	5	5
DEC=1	2	0
DEF="Zeit" t / s	"Spannung" U_B1 / V	"Rate" R_A1 / 1/s
1,1	1,02	0
2,302	1,015	0
3,501	1,015	0
4,701	1,02	0
5,901	1,015	0
7,1	1,015	0
8,3	1,015	0
9,501	1,015	0
10,701	1,015	0
11,901	1,015	0
13,1	1,015	0
14,3	1,015	0
15,501	1,02	0
16,6	1,025	0
17,8	1,02	0
19,001	1,015	0
20,201	1,015	0
21,401	1,015	0
22,6	1,015	0
23,701	1,02	0
24,9	1,02	0
26,1	1,015	0
27,201	1,02	0
28,4	1,015	0
29,601	1,015	0
MIN=0	-10	0
MAX=30	10	10
SCALE=30	5	5
DEC=1	2	0
DEF="Zeit" t / s	"Spannung" U_B1 / V	"Rate" R_A1 / 1/s
1,1	1,47	0
2,3	1,475	0
3,501	1,47	0
4,701	1,475	0
5,901	1,47	0
7,1	1,475	0
8,3	1,48	0
9,501	1,475	0
10,701	1,475	0
11,901	1,475	0
13,1	1,475	0
14,3	1,48	0
15,501	1,48	0
16,701	1,475	0
17,901	1,475	0
19,1	1,475	0
20,3	1,48	0
21,501	1,475	0
22,701	1,47	0
23,9	1,475	0
25,1	1,47	0
26,3	1,475	0
27,501	1,475	0
28,701	1,475	0
29,9	1,47	0
MIN=0	-10	0
MAX=30	10	10
SCALE=30	5	5
DEC=1	2	0
DEF="Zeit" t / s	"Spannung" U_B1 / V	"Rate" R_A1 / 1/s
1,1	1,995	0
2,301	1,99	0
3,501	1,98	0
4,701	1,99	0
5,9	2,005	0
7,1	2	0
8,301	1,99	0
9,501	1,99	0
10,701	2	0
11,9	2	0
13,1	1,99	0
14,301	1,995	0
15,501	1,995	0
16,701	1,99	0
17,9	2	0
19,1	1,995	0
20,301	1,985	0
21,501	1,99	0
22,7	1,99	0
23,9	1,995	0
25,1	1,995	0
26,301	1,995	0
27,501	1,99	0
28,7	1,995	0
29,9	1,99	0
MIN=0	-10	0
MAX=30	10	10
SCALE=30	5	5
DEC=1	2	0
DEF="Zeit" t / s	"Spannung" U_B1 / V	"Rate" R_A1 / 1/s
1	2,505	0
2,201	2,5	0
3,401	2,505	0
4,601	2,505	0
5,8	2,505	0
7	2,505	0
8,201	2,5	0
9,401	2,5	0
10,6	2,505	0
11,8	2,505	0
13	2,505	0
14,201	2,5	0
15,401	2,505	0
16,6	2,505	0
17,8	2,5	0
19	2,5	0
20,201	2,51	0
21,401	2,505	0
22,6	2,505	0
23,8	2,505	0
25	2,5	0
26,201	2,505	0
27,4	2,5	0
28,6	2,5	0
29,8	2,5	0
MIN=0	-10	0
MAX=30	10	10
SCALE=30	5	5
DEC=1	2	0
DEF="Zeit" t / s	"Spannung" U_B1 / V	"Rate" R_A1 / 1/s
1,001	3,01	0
2,201	3,01	0
3,401	3,015	0
4,6	3,02	0
5,8	3,015	0
7,001	3,015	0
8,201	3,01	0
9,401	3,01	0
10,6	3,01	0
11,8	3,015	0
13,001	3,015	0
14,201	3,01	0
15,401	3,01	0
16,6	3,01	0
17,8	3,01	0
19,001	3,015	0
20,201	3,01	0
21,401	3,015	0
22,6	3,015	0
23,8	3,015	0
25,001	3,01	0
26,201	3,015	0
27,4	3,015	0
28,6	3,015	0
29,8	3,01	0
MIN=0	-10	0
MAX=30	10	10
SCALE=30	5	5
DEC=1	2	0
DEF="Zeit" t / s	"Spannung" U_B1 / V	"Rate" R_A1 / 1/s
1	3,085	3
2,2	3,09	2
3,401	3,09	0
4,601	3,09	0
5,801	3,09	4
7	3,085	2
8,2	3,09	3
9,301	3,095	4
10,5	3,09	1
11,7	3,085	4
12,901	3,09	1
14,101	3,09	3
15,301	3,085	2
16,5	3,09	0
17,7	3,085	3
18,901	3,09	0
20,101	3,09	2
21,3	3,09	2
22,5	3,095	2
23,601	3,085	3
24,8	3,09	0
26	3,095	1
27,101	3,09	3
28,3	3,09	1
29,401	3,095	2
MIN=0	-10	0
MAX=30	10	10
SCALE=30	5	5
DEC=1	2	0
DEF="Zeit" t / s	"Spannung" U_B1 / V	"Rate" R_A1 / 1/s
1,001	3,205	654
2,201	3,195	592
3,4	3,195	618
4,6	3,205	652
5,8	3,2	598
7,001	3,205	642
8,201	3,2	619
9,4	3,205	619
10,6	3,2	609
11,8	3,205	622
13,001	3,205	610
14,201	3,2	609
15,4	3,2	632
16,6	3,205	674
17,8	3,2	615
19,001	3,21	623
20,201	3,2	625
21,4	3,2	609
22,6	3,195	608
23,8	3,2	632
25,001	3,205	608
26,201	3,2	651
27,4	3,2	671
28,6	3,2	620
29,8	3,2	627
MIN=0	-10	0
MAX=30	10	10
SCALE=30	5	5
DEC=1	2	0
DEF="Zeit" t / s	"Spannung" U_B1 / V	"Rate" R_A1 / 1/s
1,001	3,31	621
2,201	3,3	633
3,401	3,295	599
4,6	3,295	618
5,8	3,3	677
7,001	3,305	653
8,201	3,295	658
9,4	3,295	635
10,6	3,305	632
11,8	3,3	628
13,001	3,3	628
14,201	3,305	616
15,4	3,305	608
16,601	3,305	675
17,8	3,3	657
19,001	3,3	649
20,201	3,305	627
21,4	3,295	648
22,6	3,3	661
23,8	3,305	615
25,001	3,295	613
26,201	3,305	621
27,4	3,3	635
28,6	3,3	643
29,8	3,305	656
MIN=0	-10	0
MAX=30	10	10
SCALE=30	5	5
DEC=1	2	0
DEF="Zeit" t / s	"Spannung" U_B1 / V	"Rate" R_A1 / 1/s
1,1	3,405	618
2,3	3,41	670
3,501	3,405	629
4,701	3,4	653
5,901	3,39	661
7,101	3,4	659
8,3	3,405	619
9,401	3,405	617
10,6	3,41	643
11,8	3,41	659
12,901	3,41	668
14,1	3,41	654
15,3	3,405	631
16,401	3,39	632
17,501	3,405	615
18,701	3,405	658
19,901	3,4	636
21,1	3,41	646
22,3	3,405	658
23,501	3,4	701
24,701	3,405	646
25,901	3,405	640
27,1	3,405	669
28,3	3,405	643
29,501	3,405	660
MIN=0	-10	0
MAX=30	10	10
SCALE=30	5	5
DEC=1	2	0
DEF="Zeit" t / s	"Spannung" U_B1 / V	"Rate" R_A1 / 1/s
1	3,52	618
2,2	3,515	649
3,401	3,51	610
4,601	3,515	677
5,802	3,52	630
7	3,525	674
8,2	3,5	648
9,401	3,505	674
10,602	3,515	645
11,8	3,515	687
13	3,51	684
14,2	3,505	645
15,401	3,5	654
16,601	3,51	635
17,8	3,51	660
19	3,51	680
20,2	3,515	665
21,401	3,505	655
22,601	3,51	649
23,8	3,505	650
25	3,51	611
26,2	3,515	689
27,401	3,505	662
28,6	3,505	642
29,8	3,51	654
MIN=0	-10	0
MAX=30	10	10
SCALE=30	5	5
DEC=1	2	0
DEF="Zeit" t / s	"Spannung" U_B1 / V	"Rate" R_A1 / 1/s
1,001	3,605	663
2,201	3,59	664
3,4	3,6	618
4,6	3,59	676
5,801	3,605	673
7,001	3,595	715
8,201	3,59	649
9,4	3,6	665
10,6	3,6	659
11,801	3,595	705
13,001	3,605	692
14,2	3,605	690
15,4	3,6	667
16,6	3,6	666
17,801	3,605	702
19,001	3,6	667
20,2	3,6	685
21,4	3,605	722
22,6	3,61	692
23,801	3,605	684
25,001	3,605	670
26,2	3,61	682
27,4	3,605	667
28,6	3,6	617
29,801	3,605	598
MIN=0	-10	0
MAX=30	10	10
SCALE=30	5	5
DEC=1	2	0
DEF="Zeit" t / s	"Spannung" U_B1 / V	"Rate" R_A1 / 1/s
1,1	3,705	699
2,301	3,71	662
3,501	3,7	649
4,701	3,685	663
5,9	3,71	679
7,1	3,695	698
8,301	3,705	644
9,501	3,685	658
10,701	3,71	690
11,9	3,71	679
13,1	3,71	657
14,301	3,7	663
15,501	3,705	685
16,701	3,695	693
17,9	3,71	655
19,1	3,7	626
20,301	3,715	674
21,501	3,71	631
22,7	3,7	662
23,9	3,7	689
25,1	3,7	696
26,301	3,695	640
27,501	3,7	653
28,7	3,705	670
29,9	3,7	688
MIN=0	-10	0
MAX=30	10	10
SCALE=30	5	5
DEC=1	2	0
DEF="Zeit" t / s	"Spannung" U_B1 / V	"Rate" R_A1 / 1/s
1	3,805	686
2,101	3,795	638
3,2	3,81	707
4,401	3,8	680
5,601	3,79	693
6,7	3,795	672
7,902	3,805	686
9,101	3,805	691
10,2	3,78	713
11,401	3,795	642
12,601	3,805	689
13,7	3,8	684
14,901	3,795	692
16,101	3,805	654
17,2	3,8	669
18,401	3,805	702
19,601	3,8	675
20,8	3,8	706
22	3,785	616
23,2	3,805	676
24,401	3,8	669
25,601	3,795	688
26,8	3,805	675
28	3,805	665
29,2	3,8	683
MIN=0	-10	0
MAX=30	10	10
SCALE=30	5	5
DEC=1	2	0
DEF="Zeit" t / s	"Spannung" U_B1 / V	"Rate" R_A1 / 1/s
1,001	3,895	688
2,2	3,92	646
3,401	3,92	693
4,601	3,915	708
5,801	3,905	718
7	3,905	677
8,2	3,905	656
9,401	3,905	656
10,601	3,91	669
11,801	3,91	719
13	3,9	678
14,2	3,91	692
15,401	3,915	717
16,601	3,915	660
17,8	3,91	695
19	3,91	698
20,2	3,915	708
21,401	3,915	725
22,601	3,905	661
23,8	3,9	709
25	3,915	635
26,2	3,915	686
27,401	3,905	695
28,601	3,91	663
29,8	3,915	700
MIN=0	-10	0
MAX=30	10	10
SCALE=30	5	5
DEC=1	2	0
DEF="Zeit" t / s	"Spannung" U_B1 / V	"Rate" R_A1 / 1/s
1,1	3,97	699
2,3	4	708
3,501	4	685
4,701	3,99	682
5,901	3,985	706
7,1	3,99	701
8,3	3,995	659
9,501	3,99	670
10,701	3,995	646
11,901	3,985	716
13,1	4	676
14,3	3,99	637
15,501	4	669
16,701	3,985	665
17,9	3,985	709
19,1	3,98	661
20,3	4	687
21,501	4,01	678
22,701	3,97	655
23,9	3,995	670
25,1	4	706
26,3	3,98	627
27,501	4	710
28,701	4	671
29,9	4	710
MIN=0	-10	0
MAX=30	10	10
SCALE=30	5	5
DEC=1	2	0
DEF="Zeit" t / s	"Spannung" U_B1 / V	"Rate" R_A1 / 1/s
1,001	4,32	685
2,201	4,31	689
3,401	4,335	620
4,6	4,305	639
5,8	4,3	715
7,001	4,305	682
8,201	4,335	667
9,401	4,335	696
10,6	4,335	707
11,8	4,32	661
13,001	4,325	679
14,201	4,33	659
15,4	4,325	680
16,6	4,33	680
17,8	4,325	668
19,001	4,32	697
20,201	4,305	728
21,4	4,315	696
22,6	4,33	664
23,8	4,325	747
25,001	4,325	672
26,201	4,33	667
27,4	4,325	683
28,6	4,33	698
29,8	4,325	689
MIN=0	-10	0
MAX=30	10	10
SCALE=30	5	5
DEC=1	2	0
DEF="Zeit" t / s	"Spannung" U_B1 / V	"Rate" R_A1 / 1/s
1,101	4,635	626
2,301	4,66	707
3,501	4,655	722
4,7	4,655	684
5,9	4,68	674
7,1	4,66	708
8,301	4,665	679
9,501	4,68	661
10,7	4,67	718
11,9	4,69	696
13,1	4,685	654
14,301	4,675	726
15,501	4,675	682
16,7	4,67	683
17,901	4,635	682
19,1	4,645	661
20,301	4,665	732
21,502	4,665	664
22,7	4,675	697
23,9	4,69	695
25,1	4,665	705
26,301	4,685	683
27,5	4,625	678
28,7	4,675	712
29,9	4,675	669
MIN=0	-10	0
MAX=30	10	10
SCALE=30	5	5
DEC=1	2	0
DEF="Zeit" t / s	"Spannung" U_B1 / V	"Rate" R_A1 / 1/s
1,101	5,02	642
2,301	5,015	677
3,5	5,015	707
4,7	4,98	651
5,9	4,97	702
7,101	4,98	731
8,3	5,025	663
9,5	5	725
10,7	5,005	687
11,9	5,015	694
13,101	4,99	710
14,3	5,015	681
15,5	5,02	649
16,7	5,02	703
17,9	5,01	696
19,101	4,985	652
20,3	5	708
21,5	4,995	708
22,7	5,02	691
23,9	5,03	693
25,101	4,965	702
26,3	4,98	678
27,5	5,025	675
28,7	5,015	679
29,9	5,015	704
MIN=0	-10	0
MAX=30	10	10
SCALE=30	5	5
DEC=1	2	0
DEF="Zeit" t / s	"Spannung" U_B1 / V	"Rate" R_A1 / 1/s
1,101	5,375	701
2,301	5,365	729
3,5	5,355	729
4,7	5,38	681
5,901	5,335	673
7,101	5,355	653
8,3	5,365	664
9,5	5,37	675
10,7	5,365	685
11,901	5,345	678
13,101	5,335	670
14,3	5,33	681
15,5	5,305	694
16,7	5,375	705
17,901	5,35	711
19,101	5,345	683
20,301	5,335	719
21,5	5,36	654
22,7	5,365	700
23,901	5,37	725
25,101	5,33	719
26,3	5,365	713
27,5	5,345	735
28,7	5,375	668
29,901	5,34	662
