MIN=0	-10	0
MAX=60	10	10
SCALE=60	5	5
DEC=0	2	0
DEF="Zeit" t / s	"Spannung" U_B1 / V	"Rate" R_A1 / 1/s
1,001	3,99	179
2,2	3,995	196
3,4	3,985	208
4,601	3,99	183
5,801	3,995	204
7,001	4	201
8,2	4	197
9,4	3,995	179
10,601	4	193
11,801	3,99	179
13,001	4,005	194
14,2	4,01	193
15,4	3,995	192
16,601	4,005	177
17,801	4	183
19,001	4	195
20,2	4	181
21,4	3,995	194
22,601	3,985	193
23,801	3,995	215
25	4	195
26,2	3,995	185
27,4	4,01	178
28,601	4	193
29,801	3,995	211
31	3,995	199
32,2	4,005	184
33,4	4	166
34,601	4	205
35,8	4	203
37	3,995	204
38,2	4	221
39,4	4	193
40,601	3,995	185
41,801	3,985	158
43	4	197
44,2	4	190
45,4	3,995	159
46,601	4	203
47,8	4	191
49	4	182
50,2	4	221
51,4	4	190
52,601	4	219
53,8	3,995	177
55	3,995	189
56,2	3,995	177
57,4	3,995	204
58,6	4,005	182
59,8	4,005	197
MIN=0	-10	0
MAX=60	10	10
SCALE=60	5	5
DEC=0	2	0
DEF="Zeit" t / s	"Spannung" U_B1 / V	"Rate" R_A1 / 1/s
1,101	4	213
2,3	4,005	201
3,501	3,995	175
4,701	4	171
5,901	4,005	178
7,101	3,99	188
8,3	4,005	197
9,501	3,995	222
10,701	4,005	185
11,901	3,99	185
13,1	4	192
14,3	4,005	189
15,5	4	168
16,701	4,01	177
17,901	3,995	198
19,1	4,005	206
20,3	4,005	176
21,5	4	187
22,701	4	200
23,9	4	176
25,1	4,005	182
26,3	4,005	199
27,5	4	171
28,701	3,995	182
29,9	4	203
31,1	3,995	183
32,3	4,005	179
33,5	4	204
34,701	4	178
35,9	4	184
37,1	4,005	204
38,3	4	169
39,5	3,995	187
40,701	3,995	183
41,9	3,995	193
43,101	3,99	201
44,3	3,995	200
45,5	4	163
46,601	4	180
47,8	4,015	173
49	3,995	193
50,2	4	176
51,4	4	189
52,6	3,99	181
53,8	3,995	167
55	3,995	178
56,2	4,005	184
57,4	4	168
58,6	4	209
59,8	4	178
MIN=0	-10	0
MAX=60	10	10
SCALE=60	5	5
DEC=0	2	0
DEF="Zeit" t / s	"Spannung" U_B1 / V	"Rate" R_A1 / 1/s
1,001	3,995	163
2,2	3,995	168
3,4	4,005	155
4,601	4	127
5,801	3,995	144
7	4	144
8,2	4,005	165
9,4	4,005	164
10,601	4	161
11,801	4	171
13	4	159
14,2	4	161
15,4	4	151
16,601	4,005	168
17,801	4	150
19	4	176
20,2	4	168
21,4	4,005	154
22,601	4	168
23,801	4	167
25	3,99	159
26,2	4,035	166
27,402	3,995	168
28,601	4	178
29,8	4,005	159
31	4	159
32,2	4,005	165
33,4	4	136
34,601	4,005	172
35,8	4	146
37	3,995	179
38,2	4	154
39,4	3,995	167
40,601	4	145
41,8	4	139
43	4,005	169
44,2	4	171
45,4	3,99	147
46,601	4	160
47,8	4,005	151
49	4	154
50,2	3,99	168
51,4	3,995	168
52,6	4,005	164
53,8	4	144
55	4,005	156
56,2	4	151
57,4	4	159
58,6	4	160
59,8	3,995	166
MIN=0	-10	0
MAX=60	10	10
SCALE=60	5	5
DEC=0	2	0
DEF="Zeit" t / s	"Spannung" U_B1 / V	"Rate" R_A1 / 1/s
1,001	4	150
2,201	4	126
3,4	4,005	145
4,6	3,995	125
5,802	3,995	135
7,001	4,005	138
8,201	3,995	120
9,4	3,995	124
10,6	4	138
11,801	4,005	141
13,001	3,995	130
14,2	4,005	135
15,4	4,005	160
16,6	4,005	143
17,802	4,01	124
19,001	4,005	134
20,2	4,005	159
21,4	4	137
22,6	3,995	141
23,801	3,995	123
25,001	4	127
26,2	4	133
27,4	4	143
28,6	4,01	140
29,801	4	136
31	4,005	141
32,2	4	159
33,4	4	137
34,6	3,995	130
35,801	3,995	144
37	4	139
38,2	4	142
39,4	4,005	153
40,6	4	118
41,801	4	141
43	4	139
44,2	4,015	128
45,4	4	140
46,6	3,995	132
47,8	3,995	128
49	3,995	148
50,2	4	111
51,4	4	146
52,6	4,005	123
53,8	4	130
55	3,995	134
56,2	4	143
57,4	4,005	145
58,6	3,995	131
59,8	4	148
MIN=0	-10	0
MAX=60	10	10
SCALE=60	5	5
DEC=0	2	0
DEF="Zeit" t / s	"Spannung" U_B1 / V	"Rate" R_A1 / 1/s
1	4,005	126
2,2	3,985	105
3,401	4	104
4,601	4,005	112
5,801	4,005	120
7	3,985	125
8,2	4	110
9,401	4,005	123
10,601	4	119
11,8	4,005	102
13	4	104
14,2	4,015	116
15,401	4,005	121
16,602	4	117
17,8	4	130
19	4	127
20,2	4,01	112
21,402	4,005	119
22,601	4,01	101
23,8	4,005	109
25	4,005	123
26,2	4	122
27,401	4	121
28,601	4,005	113
29,8	4	117
31	4	109
32,2	3,995	114
33,401	4	131
34,6	3,99	85
35,8	3,995	107
37	4,005	106
38,2	4,005	124
39,401	4,005	112
40,601	4	90
41,8	4,005	122
43	4	117
44,2	4	117
45,402	4	131
46,6	4,005	130
47,8	4	115
49	3,995	115
50,2	4	117
51,4	3,995	121
52,6	4	127
53,8	3,995	124
55	4,005	117
56,2	3,995	115
57,4	4	116
58,6	4,005	109
59,8	4	102
MIN=0	-10	0
MAX=60	10	10
SCALE=60	5	5
DEC=0	2	0
DEF="Zeit" t / s	"Spannung" U_B1 / V	"Rate" R_A1 / 1/s
1,001	4	101
2,201	4,005	106
3,401	3,995	101
4,6	4,005	94
5,8	4,005	114
7,001	4,005	114
8,201	4,005	87
9,401	3,995	104
10,6	4,01	96
11,801	4,005	115
13,001	4,005	102
14,201	3,995	117
15,4	3,995	102
16,6	3,995	104
17,8	4	103
19,001	4	99
20,201	4	108
21,4	3,995	105
22,6	3,99	93
23,8	4	85
25,001	3,995	106
26,2	4	91
27,4	3,995	127
28,601	4,005	91
29,8	3,995	113
31,001	4	96
32,201	4	100
33,4	4,005	93
34,6	4,005	96
35,8	3,995	91
37,001	4	110
38,2	4,005	97
39,4	4,005	105
40,6	4,01	81
41,8	4,005	101
43,001	4	103
44,2	4	96
45,4	3,995	100
46,6	4	103
47,8	4	98
49	4	103
50,2	4	110
51,4	4,005	94
52,6	4,005	107
53,8	4	97
55	4	90
56,102	4,005	114
57,3	4	102
58,5	3,995	112
59,7	3,995	122
MIN=0	-10	0
MAX=60	10	10
SCALE=60	5	5
DEC=0	2	0
DEF="Zeit" t / s	"Spannung" U_B1 / V	"Rate" R_A1 / 1/s
1,002	3,995	95
2,201	3,995	88
3,401	4,005	86
4,501	4	93
5,701	4	86
6,901	4,005	96
8,001	4	98
9,201	3,995	77
10,401	3,99	81
11,501	4	77
12,701	4	92
13,902	4	83
15,1	4,005	90
16,3	4,005	98
17,501	4	88
18,701	4,005	84
19,901	4	97
21,1	4	102
22,3	4	74
23,5	4	106
24,701	4,01	107
25,9	3,995	105
27,1	4,005	102
28,3	4,005	99
29,5	4,01	88
30,701	4,005	98
31,9	4	70
33,1	3,985	86
34,3	4	87
35,501	4	84
36,7	4	88
37,9	4	88
39,1	4	74
40,3	4	92
41,5	4	96
42,7	4,005	89
43,9	4,005	86
45,1	3,995	97
46,3	4,01	80
47,5	4	89
48,7	4	82
49,9	4	86
51,1	4	81
52,3	3,985	97
53,5	4,005	79
54,7	4	100
55,9	4,005	97
57,1	4,005	75
58,3	3,995	93
59,5	4	91
MIN=0	-10	0
MAX=60	10	10
SCALE=60	5	5
DEC=0	2	0
DEF="Zeit" t / s	"Spannung" U_B1 / V	"Rate" R_A1 / 1/s
1,101	4,005	89
2,301	3,995	78
3,501	4,005	87
4,7	4,005	70
5,9	4,005	85
7,101	4	86
8,301	4	94
9,5	4,005	81
10,7	4	85
11,902	4	100
13,101	4,005	82
14,301	4,005	83
15,5	4,005	91
16,7	3,995	87
17,902	4,005	77
19,101	4	81
20,301	4	93
21,5	4	61
22,7	3,995	71
23,9	4	96
25,101	4	93
26,3	4,01	86
27,5	4	76
28,7	4,005	92
29,9	4	82
31,101	4	81
32,3	4,005	84
33,5	4	84
34,7	4,005	78
35,9	4,005	62
37,101	4,005	83
38,3	4	78
39,5	4	90
40,7	4,005	87
41,9	4	99
43,1	4,005	90
44,3	4,005	68
45,5	4	84
46,7	4,005	78
47,9	3,995	89
49,1	4,005	92
50,3	4,01	84
51,5	4,01	85
52,702	4	84
53,9	4	79
55,1	3,995	78
56,3	4	74
57,5	4,005	107
58,7	4,005	90
59,899	4	89
MIN=0	-10	0
MAX=60	10	10
SCALE=60	5	5
DEC=0	2	0
DEF="Zeit" t / s	"Spannung" U_B1 / V	"Rate" R_A1 / 1/s
1,001	4	75
2,201	4	60
3,4	4,005	80
4,6	4,005	78
5,801	4,005	62
7,001	4,005	81
8,2	4,005	74
9,4	3,995	75
10,6	4,005	84
11,801	4	75
13	4,005	73
14,2	4,005	65
15,4	4,005	70
16,6	4	66
17,801	4	86
19,001	4,005	65
20,2	4,005	72
21,4	3,995	65
22,6	4,005	87
23,801	3,995	62
25,001	4	61
26,2	4	61
27,4	4	82
28,6	4,005	62
29,801	4,005	62
31	4,01	77
32,2	3,995	77
33,4	4,01	82
34,6	4,005	76
35,801	4,01	73
37	4	59
38,201	4,005	71
39,4	4,01	66
40,601	4,015	59
41,801	4	69
43	4,005	74
44,2	4,01	77
45,4	4	72
46,6	4,005	66
47,8	4	83
49	4	68
50,2	4,005	72
51,4	4	77
52,6	4,005	79
53,8	4,005	61
55	4	57
56,2	3,995	56
57,4	4,005	71
58,6	4,005	66
59,8	4,005	80
MIN=0	-10	0
MAX=60	10	10
SCALE=60	5	5
DEC=0	2	0
DEF="Zeit" t / s	"Spannung" U_B1 / V	"Rate" R_A1 / 1/s
1,1	3,995	59
2,301	4	66
3,501	4,005	67
4,6	4	71
5,801	4	85
7,001	4,005	74
8,201	4	59
9,4	4,005	54
10,6	4,005	64
11,701	4,005	59
12,9	4,005	67
14,1	4,005	61
15,201	4	60
16,3	3,995	65
17,501	3,995	58
18,6	4,005	73
19,8	4,005	55
21,001	4,005	72
22,1	4,005	64
23,3	4,005	54
24,501	3,995	50
25,6	4,005	64
26,8	3,985	48
28,001	4	65
29,1	4,005	65
30,3	3,995	61
31,4	4,005	63
32,6	4	69
33,7	4,005	60
34,8	3,995	58
36,001	4,005	55
37,1	3,995	49
38,3	4,005	63
39,5	4	64
40,6	4,005	72
41,8	4	57
42,9	4	53
44,1	4	64
45,3	4,005	64
46,5	4	59
47,7	4	68
48,9	4,01	54
50,1	4	55
51,3	4,005	69
52,5	4	55
53,7	4,005	63
54,9	4,005	61
56,1	4,005	65
57,3	4,005	71
58,5	4,005	72
59,7	4	69
MIN=0	-10	0
MAX=60	10	10
SCALE=60	5	5
DEC=0	2	0
DEF="Zeit" t / s	"Spannung" U_B1 / V	"Rate" R_A1 / 1/s
1,001	4,005	55
2,1	4,005	62
3,301	4	61
4,501	4,005	59
5,7	4	63
6,801	4	58
7,9	4,005	54
9,1	4,02	45
10,301	4	59
11,502	4	62
12,6	4,005	61
13,801	4	62
14,9	4,005	59
16,1	4	49
17,301	4	67
18,501	4	49
19,6	3,995	46
20,801	4	51
22	4,005	58
23,2	3,995	56
24,4	4	71
25,6	4	64
26,801	4,005	43
28	4,005	47
29,2	4,005	63
30,4	3,995	49
31,6	4	43
32,801	4	70
34	4	64
35,2	4	61
36,4	4	40
37,6	4	60
38,801	4	47
40	4,005	62
41,2	4,01	49
42,4	4,01	58
43,6	4,005	57
44,8	3,995	51
46	4,005	57
47,2	4,005	49
48,4	4	52
49,6	4,01	54
50,8	4,005	69
52	4,005	58
53,2	4	54
54,4	4	70
55,6	4,005	43
56,8	4	59
58	4	48
59,2	4	59
MIN=0	-10	0
MAX=60	10	10
SCALE=60	5	5
DEC=0	2	0
DEF="Zeit" t / s	"Spannung" U_B1 / V	"Rate" R_A1 / 1/s
1,001	3,995	50
2,2	4	41
3,401	4	57
4,6	4	47
5,8	4	55
7,001	4,01	40
8,201	4,01	60
9,401	4	57
10,6	4	52
11,8	4	48
13,001	4,005	38
14,201	4	43
15,4	4,005	54
16,6	4,005	54
17,8	4,005	47
19,001	4,01	56
20,201	4,005	51
21,4	4,005	57
22,6	4,005	39
23,8	4	47
25,001	4	45
26,201	4,015	58
27,4	4,005	50
28,6	4,01	55
29,8	4	45
31,001	4,005	48
32,201	4,005	49
33,4	3,995	43
34,6	4,005	51
35,8	4	51
37,001	4	51
38,2	4	53
39,4	4	52
40,6	4	47
41,8	4,005	59
43,001	4,005	51
44,2	3,995	48
45,4	4,005	44
46,6	4	49
47,8	4,005	58
49	3,99	66
50,2	4,005	38
51,4	4	41
52,6	4,005	55
53,8	4	44
55	4	71
56,2	4,01	51
57,4	4,005	43
58,6	4,01	44
59,8	4,005	54
MIN=0	-10	0
MAX=60	10	10
SCALE=60	5	5
DEC=0	2	0
DEF="Zeit" t / s	"Spannung" U_B1 / V	"Rate" R_A1 / 1/s
1,101	4	50
2,301	4,01	41
3,5	4,005	42
4,7	4,005	57
5,802	4,005	37
7	4,005	50
8,2	4,005	43
9,401	4	43
10,601	4,015	42
11,801	4,005	47
13	4,005	38
14,101	3,995	48
15,2	4	46
16,401	4,005	43
17,601	4,005	49
18,7	4,005	53
19,901	4	47
21,101	4,015	53
22,2	4,005	50
23,401	4,005	38
24,601	4,005	48
25,7	4,005	50
26,901	4,005	52
28,101	4,005	32
29,2	4,005	52
30,401	3,995	43
31,5	4	43
32,7	4	54
33,901	4,005	43
35,101	4	44
36,203	4,005	60
37,401	4,005	49
38,6	4	59
39,8	4,005	45
41	4	46
42,2	4,005	59
43,401	3,995	51
44,6	4,005	52
45,8	4,005	44
47	4,005	45
48,2	4	49
49,4	4	34
50,6	4	57
51,8	3,995	46
53	4,005	43
54,2	4,005	45
55,401	4,005	48
56,6	3,995	51
57,8	4,005	51
59	4	49
MIN=0	-10	0
MAX=60	10	10
SCALE=60	5	5
DEC=0	2	0
DEF="Zeit" t / s	"Spannung" U_B1 / V	"Rate" R_A1 / 1/s
1,101	4	46
2,301	4	45
3,5	4	43
4,7	3,995	37
5,901	4	31
7,101	4	49
8,301	4,015	57
9,5	4,005	45
10,7	4	52
11,901	4,005	32
13,101	4	37
14,3	3,995	39
15,5	3,99	27
16,7	4	51
17,901	4	34
19,101	4,005	37
20,3	4	41
21,5	4	53
22,7	4,005	34
23,901	3,995	35
25,101	4	28
26,3	4	36
27,5	4	45
28,7	4,005	48
29,901	4,005	42
31,1	4	43
32,3	4	46
33,401	3,995	49
34,6	4,005	35
35,8	3,99	47
36,901	4,005	45
38,1	4	58
39,3	4,005	41
40,401	4	43
41,6	3,99	41
42,8	4,005	39
43,901	4,01	41
45,1	4,005	42
46,2	4,01	42
47,4	4,005	32
48,6	4,005	40
49,8	4	52
51	4	56
52,2	4,005	39
53,401	4,005	34
54,6	4,005	55
55,8	4,005	41
57	4,005	35
58,1	3,99	38
59,3	3,995	39
MIN=0	-10	0
MAX=60	10	10
SCALE=60	5	5
DEC=0	2	0
DEF="Zeit" t / s	"Spannung" U_B1 / V	"Rate" R_A1 / 1/s
1,101	4,005	32
2,301	4	40
3,5	4,005	39
4,7	4	45
5,901	3,99	35
7,102	4	35
8,301	4,005	26
9,5	4,005	28
10,7	4,01	37
11,901	4	35
13,101	4	35
14,301	4,005	25
15,5	4,005	36
16,7	4,005	34
17,901	3,995	35
19,101	4,005	47
20,3	4,005	48
21,5	4,005	39
22,7	3,995	40
23,901	4,005	33
25,101	4,005	32
26,3	4,005	41
27,5	4	34
28,7	4,01	33
29,901	4,005	37
31,101	4	30
32,3	4,005	36
33,5	4,005	39
34,7	4,005	42
35,901	4,005	39
37,1	4	30
38,3	4,005	46
39,5	4,005	38
40,7	4,005	38
41,901	4	27
43,1	4,005	44
44,3	4,005	36
45,5	4,005	36
46,7	4	42
47,9	4,015	42
49,1	4	33
50,3	4,005	38
51,5	4	42
52,7	4	44
53,901	4,005	41
55,1	4	34
56,3	4	34
57,5	4	42
58,7	4	39
59,9	4	47
MIN=0	-10	0
MAX=60	10	10
SCALE=60	5	5
DEC=0	2	0
DEF="Zeit" t / s	"Spannung" U_B1 / V	"Rate" R_A1 / 1/s
1,101	4	37
2,301	3,995	25
3,5	4,005	38
4,7	3,995	42
5,901	4,005	35
7,101	4,005	33
8,3	4	34
9,5	4,005	37
10,7	4,005	22
11,901	3,995	32
13,101	4	37
14,301	4,005	35
15,5	4,005	42
16,7	4	27
17,901	4,005	25
19,101	4,005	23
20,3	4	41
21,5	4,005	27
22,7	4,005	27
23,901	4	44
25,101	4	37
26,3	4,005	28
27,5	4,005	39
28,7	4,005	48
29,901	4	27
31,101	4	39
32,3	4,005	35
33,5	4	41
34,7	4,005	36
35,901	4	27
37,1	4,005	28
38,3	4,005	39
39,5	4,005	36
40,7	4,035	35
41,901	4	36
43,1	4,005	36
44,3	4,005	30
45,5	4,005	25
46,7	4	37
47,901	4,02	22
49,1	4,005	38
50,201	4	33
51,4	3,995	38
52,601	4	31
53,8	4,005	37
55	4	37
56,2	4	28
57,4	4,005	27
58,6	4	33
59,8	4	29
MIN=0	-10	0
MAX=60	10	10
SCALE=60	5	5
DEC=0	2	0
DEF="Zeit" t / s	"Spannung" U_B1 / V	"Rate" R_A1 / 1/s
1	4	8
2,2	4	10
3,401	4,005	17
4,601	4,005	5
5,801	4,005	12
7	4	17
8,2	4,005	14
9,401	4,005	20
10,601	4,005	15
11,801	4,01	14
13	4,005	21
14,2	4	13
15,401	4,005	18
16,601	4,005	13
17,801	4	22
19	4	21
20,2	4	18
21,402	4	15
22,601	4	19
23,8	4	20
25	4,005	19
26,2	4,005	15
27,401	4,005	16
28,601	4	12
29,801	4	8
31	4	15
32,201	4	16
33,401	4	15
34,6	4,005	18
35,8	4	16
37	4	14
38,2	4	22
39,401	4,005	19
40,6	4,005	7
41,8	4,005	19
43	4,005	19
44,2	4,005	13
45,401	4	14
46,6	4,005	16
47,801	4,01	12
49	4,01	7
50,2	4,005	20
51,401	4,005	21
52,601	4,005	15
53,8	4,005	21
55	4,005	22
56,2	4	16
57,4	4,005	16
58,6	4	19
59,8	4,005	17
MIN=0	-10	0
MAX=60	10	10
SCALE=60	5	5
DEC=0	2	0
DEF="Zeit" t / s	"Spannung" U_B1 / V	"Rate" R_A1 / 1/s
1,101	4	4
2,3	4,01	5
3,5	4,015	1
4,701	4,005	3
5,9	4,005	6
7,101	4,01	4
8,3	4,005	5
9,502	4,015	1
10,701	4,005	4
11,901	4,005	1
13,1	4,005	3
14,3	4,005	7
15,401	4,005	4
16,6	4,005	4
17,8	4	3
18,901	4	5
20,1	4,005	4
21,301	4	5
22,401	4,005	2
23,6	4,005	4
24,8	4,005	12
25,901	4	1
27,1	4,005	6
28,3	4	5
29,401	4	3
30,6	4	5
31,8	4,005	2
33,001	4	4
34,201	4	3
35,401	4	1
36,5	4	9
37,6	4,005	5
38,8	4	4
40	4	4
41,1	4	4
42,3	4	5
43,5	4,005	4
44,6	4,01	6
45,8	4	5
47	4,005	4
48,1	4	3
49,3	4,005	1
50,502	4,005	2
51,601	4	3
52,8	4	6
54	4,005	2
55,1	4,015	3
56,3	4,005	6
57,5	4	5
58,6	4,005	11
59,8	4	2
MIN=0	-10	0
MAX=60	10	10
SCALE=60	5	5
DEC=0	2	0
DEF="Zeit" t / s	"Spannung" U_B1 / V	"Rate" R_A1 / 1/s
1,1	4	1
2,3	4	0
3,501	4,005	1
4,701	4	0
5,901	4,005	0
7,1	4	0
8,3	3,995	1
9,501	4,01	2
10,701	4	1
11,9	4,005	1
13,1	4,01	3
14,3	4,01	2
15,501	4,005	0
16,701	4	0
17,9	4	1
19,1	4	3
20,3	4	1
21,501	4	0
22,701	4,005	1
23,9	4,005	0
25,1	4,005	2
26,3	4,005	0
27,501	4,005	0
28,7	4,005	1
29,9	4	2
31,1	4	2
32,3	4,005	0
33,501	4,005	0
34,7	4,005	1
35,9	4	3
37,1	4,005	3
38,3	4,005	2
39,5	4,01	0
40,7	4,005	2
41,9	4	2
43,001	3,99	2
44,2	4	1
45,3	4,02	1
46,5	4	0
47,7	4	1
48,801	4	0
50	4,005	0
51,2	4,005	0
52,3	4,015	1
53,5	4,005	0
54,7	4,005	0
55,8	4,005	0
57	4,01	1
58,101	4,015	0
59,3	4,005	2
MIN=0	-10	0
MAX=60	10	10
SCALE=60	5	5
DEC=0	2	0
DEF="Zeit" t / s	"Spannung" U_B1 / V	"Rate" R_A1 / 1/s
1,102	4,005	1
2,3	4	1
3,501	4	1
4,701	4	1
5,901	4,005	0
7,1	4,01	0
8,3	3,995	1
9,501	4,005	1
10,701	4	0
11,901	4,005	0
13,1	4,005	1
14,3	4,005	1
15,501	4	0
16,701	4,005	0
17,9	3,995	1
19,1	4,005	1
20,3	4,005	0
21,501	4	0
22,701	4	0
23,9	4,005	0
25,1	4,005	0
26,3	4,01	2
27,501	4,005	0
28,702	4,005	1
29,9	4,005	1
31,1	4,02	2
32,3	4,005	1
33,501	4,005	2
34,7	4	0
35,9	4	1
37,1	4	3
38,3	4	0
39,501	4	1
40,7	4	2
41,9	4,005	2
43,1	4	1
44,3	4,005	1
45,501	4,005	0
46,7	4,005	2
47,9	4	1
49,1	4	3
50,3	4,005	0
51,501	4,005	0
52,7	4,005	1
53,9	4,005	0
55,1	4	0
56,3	4	0
57,5	4	0
58,701	4,01	3
59,9	4,005	1
MIN=0	-10	0
MAX=60	10	10
SCALE=60	5	5
DEC=0	2	0
DEF="Zeit" t / s	"Spannung" U_B1 / V	"Rate" R_A1 / 1/s
1,1	4	0
2,3	4,005	0
3,5	4,01	1
4,702	4,005	1
5,901	4,005	0
7,1	4,01	1
8,3	4,005	0
9,5	4,005	1
10,701	4,01	0
11,901	4,005	0
13,1	3,995	1
14,3	4,005	1
15,5	4,005	0
16,701	4,01	2
17,902	4,005	0
19,1	4,005	1
20,3	4,005	1
21,5	4,005	0
22,701	4,005	0
23,9	4,005	1
25,1	4	1
26,3	4,005	0
27,5	4	0
28,701	4,005	0
29,9	4	1
31,1	4,005	0
32,3	4,005	0
33,5	3,995	0
34,701	4	0
35,9	4	0
37,1	4,01	0
38,3	4,005	0
39,5	4,005	1
40,7	4	0
41,9	4	0
43,1	4	1
44,3	4,005	0
45,5	4,005	1
46,7	4,005	3
47,9	4,005	0
49,1	4,005	1
50,3	4,005	0
51,5	4,005	1
52,7	4,005	0
53,9	4,005	2
55,1	4,005	0
56,3	4,01	1
57,5	4,005	0
58,701	4,005	0
59,9	4	0
MIN=0	-10	0
MAX=60	10	10
SCALE=60	5	5
DEC=0	2	0
DEF="Zeit" t / s	"Spannung" U_B1 / V	"Rate" R_A1 / 1/s
1,1	4,005	0
2,301	4	0
3,501	4	0
4,701	4,005	1
5,901	4,005	0
7,1	4,005	0
8,301	4	0
9,501	4	0
10,701	4	0
11,9	4,005	1
13,1	4,005	2
14,301	4	0
15,501	4,005	0
16,701	4,01	1
17,9	4	2
19,1	4	0
20,301	4,005	2
21,501	4	0
22,602	4,005	0
23,801	4,005	0
25,001	4	0
26,2	4,005	0
27,4	4,01	0
28,601	4	1
29,801	3,995	1
31,002	4,005	0
32,1	4,005	0
33,301	4,005	0
34,501	3,995	0
35,7	4	1
36,9	4,005	0
38,1	4,005	1
39,301	4	0
40,4	4	1
41,6	4,005	0
42,801	4,005	0
44	4,005	0
45,2	4	2
46,4	4,005	1
47,6	4,005	0
48,801	3,995	1
50	4	0
51,2	4,01	0
52,301	4	1
53,5	4	0
54,7	4,005	0
55,9	4,005	1
57,1	4	1
58,2	4,005	1
59,4	4	2