MIN=0	-10	0
MAX=120	10	1000
SCALE=120	5	5
DEC=1	2	0
DEF="Zeit" t / s	"Spannung" U_B1 / V	"Ereignisse" N_A1
0	4,005	0
0,101	4	17
0,201	4,005	40
0,3	4	59
0,401	3,995	83
0,501	4	105
0,601	4,005	132
0,701	4	151
0,8	4,005	176
0,901	4,005	189
1,001	4,005	209
1,101	4,01	222
1,201	4,005	244
1,3	4	266
1,401	4	286
1,501	3,995	308
1,6	3,995	327
1,701	4,005	345
1,8	4,005	360
1,901	4	380
2,001	4	395
2,1	4,005	407
2,201	4,005	423
2,301	4	435
2,401	4,005	454
2,501	3,995	469
2,6	4,005	488
2,701	4,005	504
2,8	4,005	524
2,901	3,99	544
3,001	4	565
3,101	3,995	582
3,201	4,005	596
3,3	4	609
3,401	4,005	629
3,501	4	649
3,6	4,005	667
3,701	4,005	683
3,8	4,005	701
3,901	4	723
4,001	4	739
4,1	4,005	761
4,2	4	778
4,3	4	795
4,401	3,995	811
4,501	3,995	827
4,6	4	845
4,701	3,995	855
4,8	4	874
4,901	4	895
5,001	3,995	915
5,101	4	936
5,201	4	956
5,3	4	964
5,401	4	983
5,501	4,01	1002
5,6	4	1020
5,701	3,99	1039
5,8	4	1056
5,901	3,99	1077
6,001	4	1100
6,1	3,995	1120
6,201	4,005	1135
6,3	4,005	1154
6,402	3,995	1179
6,501	3,985	1194
6,6	4	1224
6,701	4,005	1247
6,8	3,99	1273
6,901	4,005	1287
7,001	4	1304
7,1	4	1324
7,201	4	1337
7,3	4,005	1349
7,401	4,005	1364
7,501	4	1389
7,6	4,005	1407
7,701	4	1424
7,8	4,005	1440
7,901	4	1455
8,001	4	1470
8,1	3,995	1488
8,201	4,01	1513
8,3	4	1530
8,401	3,99	1549
8,502	4,005	1560
8,6	4	1575
8,701	4	1593
8,8	4	1612
8,901	4	1635
9,001	4	1648
9,1	4,005	1668
9,201	4,005	1684
9,3	4,005	1707
9,401	4,005	1725
9,501	4,005	1744
9,6	4	1761
9,701	4	1779
9,8	4,005	1797
9,901	4	1819
10,001	4,005	1838
10,1	4	1853
10,201	4,005	1870
10,3	4	1886
10,401	3,995	1910
10,501	3,995	1930
10,6	4	1951
10,701	4,005	1962
10,8	4,005	1982
10,9	4,005	1998
11,001	4,005	2015
11,1	4,005	2043
11,201	4	2064
11,3	4,005	2081
11,401	3,995	2092
11,501	4,005	2113
11,6	4	2135
11,702	4,005	2153
11,8	4,01	2180
11,901	4,005	2196
12,001	4,005	2212
12,1	4,01	2237
12,201	4,005	2254
12,3	4	2271
12,401	3,995	2287
12,501	4,005	2309
12,6	4,01	2333
12,701	4	2351
12,8	4,01	2369
12,901	4,005	2388
13,001	4	2411
13,1	4,005	2430
13,201	4	2455
13,3	4,005	2476
13,401	4,01	2499
13,501	4,01	2518
13,6	4,005	2539
13,701	4	2563
13,8	4,005	2581
13,901	4,005	2601
14,001	4,005	2628
14,1	4	2646
14,201	4,005	2668
14,3	4,005	2690
14,4	4	2713
14,501	4,005	2734
14,6	4	2751
14,701	4,01	2768
14,8	3,995	2786
14,9	4,01	2806
15,001	4,005	2824
15,1	4,005	2843
15,201	4,01	2855
15,3	4,005	2876
15,401	4,005	2902
15,501	3,995	2929
15,6	4,005	2942
15,701	4,005	2959
15,8	4,005	2979
15,9	4	3000
16,001	4,005	3022
16,1	4	3045
16,201	4	3066
16,3	4,005	3085
16,4	4,005	3105
16,501	4,005	3129
16,6	4,01	3149
16,701	4,005	3162
16,8	4,015	3175
16,9	4,005	3196
17,001	4	3211
17,1	4,005	3231
17,201	4	3247
17,3	3,995	3267
17,401	4,005	3287
17,501	4,01	3301
17,6	4,005	3321
17,701	4,005	3340
17,8	4	3367
17,9	4,005	3394
18,001	4,015	3411
18,1	4,005	3427
18,201	4,005	3442
18,3	4,005	3459
18,4	4,005	3486
18,501	4,01	3502
18,6	4	3517
18,701	4	3542
18,8	4,005	3560
18,9	3,995	3579
19,001	4,005	3603
19,1	4,005	3628
19,201	4	3643
19,3	4,005	3667
19,4	4	3685
19,5	4,005	3705
19,6	3,995	3727
19,701	4,005	3752
19,8	4	3772
19,9	4,005	3786
20,001	4,01	3803
20,1	4,005	3819
20,201	4,005	3833
20,3	4	3845
20,4	4	3866
20,501	4	3887
20,6	4,005	3902
20,701	4,005	3928
20,8	4	3943
20,9	3,995	3967
21,001	3,995	3989
21,1	4	4011
21,201	4,01	4025
21,3	4	4047
21,4	4	4065
21,501	4,01	4088
21,6	4,005	4107
21,701	4	4129
21,8	4	4144
21,901	4,005	4165
22,001	4,005	4182
22,1	4	4209
22,201	4,01	4231
22,3	3,99	4250
22,4	4	4273
22,501	4,005	4296
22,6	4,005	4310
22,701	4	4331
22,8	4,005	4353
22,9	4	4370
23,001	4,005	4385
23,1	4,005	4405
23,201	4,005	4423
23,3	4,005	4446
23,4	4	4469
23,501	4,005	4489
23,6	4	4503
23,7	3,995	4525
23,8	4	4540
23,9	4,005	4562
24,001	4,005	4579
24,1	3,985	4600
24,201	4	4617
24,3	4,005	4632
24,4	4,005	4641
24,501	4	4654
24,6	4	4675
24,701	4,01	4703
24,8	4,005	4720
24,9	4	4733
25,001	4,005	4751
25,101	4	4765
25,201	4,005	4778
25,3	4,005	4801
25,4	4	4816
25,501	4,005	4836
25,6	4,005	4852
25,701	4	4868
25,8	4	4887
25,9	4	4907
26,001	3,995	4933
26,1	4,015	4956
26,201	4	4972
26,3	4,005	5001
26,4	3,995	5022
26,501	4	5040
26,6	4	5066
26,701	4,005	5083
26,8	4	5102
26,9	4,005	5126
27,001	4	5141
27,1	4	5163
27,201	4,005	5184
27,3	4,005	5202
27,4	3,995	5217
27,501	3,995	5237
27,6	4,005	5252
27,701	3,995	5272
27,8	4,005	5283
27,901	4	5302
28,001	3,995	5323
28,1	4,005	5345
28,201	4	5360
28,3	4,005	5375
28,4	4,005	5403
28,501	3,995	5419
28,6	4,005	5444
28,701	4,005	5465
28,8	4	5479
28,9	4,005	5492
29,001	3,995	5509
29,1	4	5525
29,201	3,995	5547
29,3	4	5561
29,4	4	5582
29,501	4	5603
29,6	4	5621
29,7	4,005	5630
29,8	4,005	5651
29,9	4	5670
30,001	3,995	5683
30,1	3,995	5709
30,201	4	5726
30,3	4,005	5749
30,4	4	5771
30,501	4	5792
30,6	4,01	5810
30,701	4	5830
30,8	4	5848
30,9	4	5869
31,001	4,01	5883
31,1	4,005	5896
31,201	4	5914
31,3	4,005	5932
31,401	4	5950
31,501	4,005	5972
31,6	4	5990
31,701	4,005	6007
31,8	4,005	6026
31,9	4	6042
32,001	4,005	6063
32,1	4,005	6085
32,2	4,01	6101
32,3	4	6114
32,4	4,005	6125
32,501	4,005	6143
32,6	4,01	6159
32,701	4,005	6181
32,8	4,01	6193
32,9	4,005	6216
33,001	4,01	6235
33,1	4,01	6252
33,2	4,005	6266
33,3	4	6286
33,4	4,005	6303
33,501	4	6319
33,6	4,005	6348
33,7	4,005	6366
33,8	4,015	6384
33,9	4,005	6401
34,001	4,005	6416
34,101	4,005	6440
34,2	4,005	6461
34,3	4,01	6475
34,4	4,005	6498
34,501	4	6512
34,6	4,01	6532
34,7	4	6554
34,8	4,005	6575
34,9	4	6600
35,001	4,005	6628
35,1	4,005	6641
35,2	4,005	6661
35,3	4,005	6680
35,4	4,005	6699
35,501	4,005	6719
35,6	4	6737
35,7	4	6752
35,8	4,01	6772
35,9	4,005	6791
36,001	4,01	6805
36,1	4,01	6822
36,2	4,005	6841
36,3	4,005	6858
36,4	4	6876
36,501	4	6901
36,6	4,005	6924
36,701	4,01	6946
36,8	4,005	6970
36,9	4,01	6984
37,001	4,005	7000
37,1	4	7019
37,2	3,995	7044
37,3	4,005	7064
37,4	4,005	7081
37,501	3,995	7100
37,6	4,005	7124
37,701	4,01	7141
37,8	4,01	7166
37,9	4,005	7179
38,001	4	7196
38,1	4,005	7219
38,201	4,005	7233
38,3	4,005	7252
38,4	4	7270
38,502	4,005	7292
38,6	4,005	7307
38,7	4	7325
38,8	4	7342
38,9	4	7364
39,001	4	7392
39,1	4,005	7414
39,2	3,995	7434
39,3	4,005	7452
39,4	4,01	7472
39,501	4,005	7486
39,6	4,005	7501
39,7	4,005	7527
39,8	3,995	7547
39,9	4,005	7566
40,001	4	7588
40,1	4	7617
40,2	4,005	7636
40,3	4	7645
40,4	4,005	7666
40,501	4,005	7682
40,6	4,01	7701
40,7	4	7726
40,8	4,005	7746
40,9	4,005	7771
41,001	3,995	7793
41,1	4	7811
41,2	4,005	7835
41,3	3,99	7862
41,4	4,005	7881
41,501	3,99	7900
41,6	4,01	7923
41,7	4	7940
41,8	3,995	7958
41,9	4	7971
42,001	3,99	8000
42,1	4	8031
42,202	4	8053
42,3	4,005	8077
42,4	3,99	8099
42,501	4	8116
42,6	4,005	8136
42,7	4	8151
42,8	4	8180
42,9	4	8192
43,001	4	8213
43,1	4	8224
43,2	4	8239
43,3	4,005	8270
43,4	4,005	8291
43,501	3,995	8309
43,6	4	8323
43,7	3,995	8341
43,802	4	8361
43,9	4	8383
44,001	4,005	8402
44,1	3,995	8421
44,2	3,995	8441
44,3	4	8459
44,4	3,99	8482
44,501	4	8496
44,6	4	8512
44,7	3,995	8525
44,8	4	8550
44,9	4,005	8567
45,001	4,005	8592
45,1	4	8611
45,2	4	8632
45,3	4	8660
45,4	3,995	8673
45,501	4	8698
45,6	4	8713
45,7	3,995	8729
45,8	4	8748
45,9	4	8764
46,001	4	8781
46,1	4	8801
46,2	4,005	8819
46,3	4,005	8835
46,4	4	8859
46,501	4	8877
46,6	4,005	8892
46,7	4,005	8911
46,8	4	8932
46,9	4,01	8947
47,001	4,01	8961
47,1	4,015	8980
47,2	3,99	8998
47,3	3,995	9016
47,401	3,995	9035
47,501	4,005	9058
47,6	4	9082
47,7	3,995	9104
47,8	4,02	9129
47,9	4,005	9143
48,001	3,995	9160
48,1	4	9184
48,2	3,995	9205
48,302	3,995	9225
48,4	4	9250
48,501	4	9265
48,6	4,005	9287
48,7	3,995	9307
48,8	4	9327
48,9	4	9346
49,001	4	9374
49,1	3,995	9393
49,2	4	9412
49,3	4,005	9428
49,4	3,995	9452
49,501	4	9479
49,6	4	9501
49,7	4,005	9529
49,8	3,995	9548
49,9	4,005	9565
50,001	3,995	9584
50,1	4	9605
50,2	3,99	9621
50,3	4,005	9634
50,4	4	9652
50,501	4	9668
50,6	4	9688
50,7	4,01	9701
50,8	4,005	9724
50,9	4	9740
51,001	4	9758
51,1	4	9773
51,2	4	9792
51,3	4,005	9807
51,4	4,005	9829
51,5	4,015	9843
51,6	4,005	9864
51,7	4,005	9878
51,8	4,005	9902
51,9	3,995	9917
52,001	4,005	9938
52,1	4	9966
52,2	4,01	9984
52,3	4,005	10002
52,4	4	10026
52,501	3,995	10049
52,6	4	10067
52,7	4,005	10083
52,8	4,005	10097
52,9	4,01	10110
53,001	4,005	10135
53,1	4	10152
53,2	4,005	10170
53,3	4,005	10188
53,4	4,005	10198
53,5	4,005	10209
53,601	3,995	10231
53,7	4,005	10246
53,8	4,005	10270
53,9	4,005	10290
54	4,005	10305
54,1	4,01	10323
54,2	4,005	10347
54,3	4,005	10365
54,4	3,99	10389
54,501	4	10410
54,6	4,01	10432
54,7	4	10455
54,8	4,005	10472
54,9	4,005	10493
55	4,005	10510
55,1	4,005	10526
55,2	4	10540
55,3	4,005	10557
55,4	3,995	10571
55,5	4	10594
55,6	3,995	10613
55,7	4,01	10637
55,8	4	10652
55,9	4	10673
56	4,005	10686
56,1	3,995	10703
56,2	4	10715
56,3	4	10735
56,4	4,01	10750
56,5	4,005	10773
56,6	4	10797
56,7	4,005	10809
56,8	4,005	10827
56,9	4	10847
57	4	10867
57,1	4,01	10887
57,2	4	10910
57,3	3,995	10931
57,4	4	10944
57,5	4,005	10970
57,6	4,005	10989
57,7	4,005	11013
57,8	3,995	11034
57,901	4,005	11058
58	4	11072
58,1	4	11088
58,2	4,005	11108
58,3	4	11118
58,4	4,01	11133
58,5	4	11155
58,6	4	11175
58,7	3,995	11192
58,8	4,01	11214
58,9	4	11234
59	4	11252
59,1	4,005	11272
59,2	4,01	11287
59,3	4,005	11307
59,4	4,005	11328
59,5	4,01	11347
59,6	4	11361
59,7	4,005	11373
59,8	4,005	11390
59,9	4,005	11411
60	4,005	11429
60,1	4,005	11441
60,2	3,995	11456
60,3	4	11474
60,4	4,005	11490
60,5	3,995	11508
60,6	4,005	11534
60,7	4,01	11550
60,8	4,01	11567
60,9	4,02	11582
61	4	11608
61,1	4,01	11627
61,2	4,01	11645
61,3	4,005	11666
61,4	4,005	11687
61,5	4,005	11706
61,6	4,01	11722
61,7	4	11749
61,8	4,005	11772
61,9	4,005	11786
62	4	11807
62,1	4,005	11821
62,2	4,005	11839
62,3	4,015	11855
62,4	4,01	11870
62,5	3,995	11887
62,6	4,01	11907
62,701	4,005	11924
62,8	4,005	11939
62,9	4,005	11960
63	4,01	11978
63,1	4,01	11998
63,2	4	12013
63,3	4	12039
63,4	4,005	12057
63,5	4,005	12071
63,6	4,01	12087
63,7	4,005	12105
63,8	4,005	12126
63,9	4,005	12142
64	4,005	12153
64,101	4,005	12175
64,2	4,015	12200
64,3	4,005	12214
64,4	4,005	12238
64,5	4	12257
64,6	4,01	12274
64,7	4,005	12290
64,8	4	12313
64,9	4,01	12332
65	4	12352
65,1	4	12365
65,201	4,01	12385
65,3	4,01	12399
65,401	4,005	12422
65,5	4,005	12445
65,601	4,005	12472
65,701	4,01	12494
65,8	4	12510
65,9	4,015	12532
66	4	12549
66,1	4,005	12559
66,201	4	12588
66,3	4,01	12610
66,4	4,015	12631
66,5	4	12645
66,6	4,005	12662
66,7	4,005	12686
66,801	4,005	12712
66,901	4	12733
67	3,99	12752
67,1	4,005	12770
67,2	4,01	12790
67,3	4,005	12819
67,4	4,005	12835
67,5	4,01	12849
67,6	4	12867
67,701	4,01	12890
67,8	4,01	12913
67,9	4	12929
68	4,005	12954
68,1	4,005	12977
68,2	4,005	13001
68,301	4,005	13018
68,401	4	13042
68,5	4,005	13055
68,6	4,005	13085
68,701	4	13110
68,8	4	13127
68,901	3,995	13148
69	4,005	13169
69,1	4,005	13195
69,201	4,005	13209
69,301	4	13236
69,4	4	13253
69,501	4,005	13274
69,6	4,005	13296
69,701	4,01	13312
69,8	4,005	13334
69,9	4,005	13346
70,001	4,01	13363
70,1	4,01	13381
70,201	4	13398
70,3	4	13421
70,401	4	13451
70,501	4,005	13473
70,601	4,005	13499
70,701	3,995	13522
70,8	4,015	13543
70,901	4,01	13562
71	4,005	13581
71,1	4,01	13594
71,201	4,005	13612
71,3	4	13625
71,4	4,005	13644
71,5	4,005	13654
71,601	4,01	13671
71,701	4,005	13689
71,8	3,995	13713
71,9	4,005	13743
72	4	13764
72,101	4	13783
72,201	4	13796
72,3	4,01	13813
72,401	3,99	13832
72,5	4	13857
72,601	4,01	13881
72,7	4,005	13904
72,8	4,005	13931
72,901	4,01	13956
73,001	4	13979
73,101	4,005	13999
73,201	4,01	14013
73,301	4	14032
73,401	4,01	14048
73,501	4,005	14063
73,601	4,005	14082
73,701	4	14095
73,801	4,005	14118
73,901	4,005	14134
74,001	4,005	14159
74,101	4,005	14174
74,201	4,01	14196
74,3	4	14219
74,401	4,015	14237
74,501	4,005	14256
74,601	4,01	14278
74,701	4	14301
74,801	4,01	14321
74,901	4,01	14342
75,001	4,01	14353
75,101	4,005	14373
75,201	4,01	14392
75,3	4,015	14405
75,401	4,005	14426
75,501	4,01	14448
75,601	4,005	14463
75,701	4,005	14481
75,8	4,01	14499
75,901	4	14520
76,001	4,005	14535
76,101	4,005	14550
76,201	4,005	14562
76,3	4,005	14585
76,401	4,005	14607
76,501	4	14627
76,601	4,005	14651
76,701	4,005	14670
76,8	4,005	14691
76,901	4,005	14716
77,001	3,995	14742
77,101	4,005	14761
77,201	4,01	14776
77,3	4,005	14801
77,401	4,005	14819
77,501	4	14839
77,601	4,005	14854
77,701	4,01	14871
77,8	4,005	14896
77,901	4,005	14911
78,001	4,005	14931
78,101	3,995	14953
78,201	4,005	14971
78,3	4	14984
78,401	4	15003
78,5	4,005	15024
78,601	4,01	15043
78,701	4	15060
78,8	4,005	15081
78,901	4	15096
79,001	4	15118
79,101	4,01	15142
79,201	4	15162
79,3	4,005	15179
79,401	4,01	15195
79,501	4,005	15214
79,601	4,005	15234
79,701	4,005	15253
79,8	4,005	15271
79,901	3,995	15285
80,001	4,01	15311
80,101	4,005	15343
80,201	4,01	15365
80,301	4,005	15383
80,401	4,005	15402
80,501	4	15422
80,6	4	15445
80,701	4,005	15466
80,801	4	15482
80,901	4,01	15494
81,001	4,005	15502
81,101	4,01	15519
81,201	4,01	15535
81,3	4	15557
81,401	4,01	15572
81,501	4,005	15592
81,601	4,01	15606
81,701	4,01	15624
81,8	4,005	15648
81,901	4,005	15664
82,001	4	15688
82,101	3,985	15704
82,2	4	15726
82,3	4,01	15746
82,401	4,005	15772
82,501	4,005	15796
82,6	4	15816
82,701	4,005	15840
82,8	4,005	15863
82,901	4,01	15887
83,001	4,01	15907
83,101	3,995	15921
83,201	4,01	15947
83,3	4,005	15964
83,401	4	15989
83,501	4	16006
83,601	4,01	16027
83,701	4,01	16038
83,8	4,005	16053
83,901	4,005	16082
84,001	4,005	16096
84,101	4,01	16119
84,201	4,005	16129
84,3	4,005	16147
84,401	4,005	16163
84,501	4	16182
84,601	4,005	16206
84,701	4,005	16219
84,8	4,005	16228
84,901	4,005	16251
85,001	4,01	16279
85,101	4	16296
85,201	4	16320
85,3	4,01	16338
85,401	4,01	16356
85,501	4	16371
85,601	4,005	16389
85,701	4,005	16404
85,8	4,005	16415
85,901	4,01	16429
86,001	4,005	16451
86,101	4,005	16469
86,201	4,01	16489
86,301	3,995	16504
86,401	4	16527
86,501	4,005	16546
86,601	4,005	16573
86,701	4,01	16585
86,8	4,005	16602
86,901	4	16615
87,001	4,005	16638
87,101	4,005	16655
87,201	4	16673
87,3	4	16696
87,401	4,005	16712
87,501	4,005	16734
87,6	4	16760
87,701	4	16773
87,8	4,005	16793
87,901	4,005	16814
88	4,005	16832
88,101	4,005	16854
88,201	4,005	16869
88,3	4,005	16884
88,401	4,005	16902
88,501	4,005	16916
88,601	4,045	16929
88,701	4,005	16950
88,8	4,005	16968
88,901	4,005	16989
89,001	4,005	17010
89,1	4,005	17032
89,201	4,005	17045
89,3	4,005	17064
89,401	3,995	17091
89,501	3,995	17109
89,6	4,005	17121
89,701	4,005	17133
89,8	4,005	17152
89,901	4,005	17158
90,001	4,005	17183
90,1	4	17196
90,201	4,005	17213
90,3	4,005	17235
90,4	4,005	17253
90,501	4,005	17275
90,601	4	17289
90,701	4	17311
90,8	4,005	17331
90,899	4,005	17344
91,001	4,005	17368
91,1	4,01	17385
91,201	4,005	17407
91,3	4,005	17426
91,401	3,995	17454
91,501	4,005	17470
91,601	4,005	17485
91,701	4,015	17499
91,8	4	17520
91,901	4,005	17539
92,001	4,005	17553
92,101	4,01	17573
92,201	4	17588
92,301	4,005	17610
92,401	4,005	17630
92,501	4,005	17647
92,601	4	17665
92,701	3,99	17684
92,8	4,005	17705
92,901	3,995	17717
93,001	4,005	17734
93,101	4,005	17754
93,201	4	17772
93,3	4,005	17792
93,401	4	17814
93,501	4,005	17830
93,6	4	17858
93,701	4,01	17881
93,8	4,005	17893
93,901	4,005	17910
94,001	4,005	17930
94,1	4,005	17957
94,201	4	17977
94,3	4	17995
94,401	4,005	18012
94,501	4,005	18037
94,6	4,005	18052
94,701	4,005	18074
94,801	4,005	18092
94,901	3,995	18105
95,001	4	18125
95,1	4,005	18145
95,201	4,005	18159
95,3	4,005	18174
95,401	4,005	18188
95,501	4,005	18207
95,6	4,005	18225
95,701	4	18241
95,8	4,005	18256
95,901	4,01	18275
96,001	4,005	18297
96,101	4	18319
96,201	4,005	18337
96,3	4,005	18353
96,401	4	18366
96,501	4	18387
96,6	4,005	18404
96,701	4,005	18430
96,8	4	18447
96,901	4	18469
97,001	4,005	18488
97,1	4	18502
97,201	3,995	18524
97,3	3,995	18542
97,401	4	18561
97,501	4	18584
97,6	4	18597
97,701	4	18610
97,8	3,995	18629
97,901	4,005	18648
98,001	4,01	18665
98,101	4	18693
98,201	4	18713
98,3	4	18729
98,401	4,005	18746
98,501	4,005	18772
98,6	3,995	18795
98,701	4	18814
98,8	4	18836
98,901	4,015	18850
99,001	4	18869
99,1	4,005	18882
99,201	4	18902
99,3	4,005	18919
99,401	4,005	18936
99,501	4	18957
99,6	4	18975
99,701	4,005	18999
99,8	4,005	19013
99,901	3,99	19029
100,001	4,005	19051
100,1	4,005	19063
100,201	4,005	19081
100,3	3,995	19100
100,401	4,005	19123
100,501	4,005	19134
100,6	4	19157
100,701	4,01	19173
100,8	4,005	19196
100,901	4	19212
101,001	3,99	19231
101,1	4	19257
101,201	4	19268
101,3	4,005	19282
101,401	4	19307
101,501	4,01	19324
101,6	4,005	19343
101,701	4,005	19365
101,8	4	19380
101,901	4	19406
102,001	4,005	19422
102,1	4	19438
102,201	4,005	19456
102,3	4	19478
102,401	4,005	19493
102,501	4,005	19506
102,6	4,005	19518
102,701	3,995	19540
102,8	3,995	19562
102,901	4,005	19581
103,001	4,005	19600
103,1	4,005	19613
103,201	4	19635
103,3	4,005	19653
103,401	4,005	19675
103,501	4,005	19691
103,6	4	19711
103,701	4,005	19732
103,8	4	19744
103,901	4	19764
104,001	4	19777
104,1	3,995	19797
104,201	4,005	19817
104,3	4	19837
104,401	4	19854
104,501	4,005	19876
104,6	3,99	19893
104,701	4,005	19911
104,8	4	19923
104,901	4	19949
105,001	4,005	19964
105,1	4	19983
105,201	4,005	20004
105,3	4	20023
105,401	4	20040
105,501	3,995	20062
105,6	4,005	20080
105,701	4,005	20095
105,8	4	20112
105,901	4,005	20130
106,001	4,005	20144
106,102	4,005	20164
106,201	3,995	20191
106,3	4,005	20212
106,401	4,005	20236
106,501	4	20253
106,6	4	20274
106,701	3,995	20290
106,8	4	20310
106,901	4,005	20325
107,001	4,005	20343
107,1	4	20359
107,201	4,005	20385
107,3	4	20404
107,401	4	20423
107,501	4,005	20441
107,6	4	20460
107,701	4	20483
107,8	4	20497
107,901	4	20514
108,001	4,005	20526
108,1	4,01	20535
108,201	4,005	20551
108,3	4	20571
108,401	3,995	20594
108,501	4	20615
108,6	4,005	20634
108,701	3,995	20659
108,8	4,005	20683
108,901	3,995	20698
109,001	4	20722
109,1	4,005	20746
109,201	4	20759
109,3	4,005	20779
109,401	4	20806
109,501	4,005	20823
109,6	4,005	20841
109,701	4,01	20859
109,8	4,005	20884
109,901	4,005	20899
110,001	3,995	20911
110,1	4,005	20926
110,201	3,995	20947
110,301	4,005	20963
110,401	4,005	20980
110,501	4,01	20993
110,6	4,005	21007
110,701	4,005	21025
110,8	4	21044
110,901	4	21061
111,001	4,005	21083
111,1	4,005	21100
111,201	4,005	21123
111,3	4,005	21139
111,4	4	21159
111,501	4,005	21185
111,6	4	21201
111,701	4	21224
111,8	4,01	21247
111,901	4,005	21269
112,001	4,01	21283
112,1	4,005	21300
112,201	4,01	21322
112,3	4	21344
112,401	4	21371
112,501	4	21394
112,6	4,01	21419
112,701	4,005	21437
112,8	4,015	21454
112,9	4	21474
113,001	4,005	21495
113,1	4	21511
113,201	4,01	21540
113,3	4,005	21562
113,401	4	21580
113,501	4,005	21599
113,6	4,005	21618
113,701	4,005	21638
113,8	4,005	21656
113,9	4,01	21676
114,001	4,005	21693
114,1	4	21712
114,201	4,005	21730
114,3	4,005	21744
114,4	4,005	21770
114,501	4	21787
114,6	4,01	21805
114,701	4	21824
114,8	4,005	21843
114,9	4,005	21864
115,001	4	21881
115,1	4,01	21904
115,201	4,01	21918
115,3	4,005	21931
115,4	4	21944
115,501	4	21960
115,6	4,01	21979
115,701	4	22001
115,8	4	22016
115,901	4,005	22043
116,001	4	22062
116,1	3,995	22086
116,201	4,005	22106
116,3	4,005	22122
116,4	4,005	22143
116,501	4	22158
116,6	3,99	22173
116,701	4,01	22195
116,8	3,99	22208
116,9	4,005	22227
117,001	4,005	22248
117,1	4	22264
117,201	4,005	22288
117,3	4,005	22299
117,4	4,01	22315
117,501	4,005	22336
117,6	4	22355
117,701	4,01	22372
117,8	4,005	22388
117,9	4,005	22399
118,001	4,005	22419
118,1	3,995	22433
118,201	4,005	22449
118,3	4	22470
118,4	4,005	22490
118,501	4,005	22511
118,6	4,005	22529
118,701	4,005	22552
118,8	4,005	22574
118,9	4,01	22590
119,001	3,995	22610
119,1	4,005	22629
119,201	4,005	22647
119,3	4,005	22665
119,4	4,005	22681
119,501	4,005	22698
119,6	3,995	22717
119,701	3,99	22735
119,8	4	22755
119,9	4,005	22775
