MIN=0	-10	0
MAX=60	10	10
SCALE=60	5	5
DEC=0	2	0
DEF="Zeit" t / s	"Spannung" U_B1 / V	"Rate" R_A1 / 1/s
1	4,01	0
2,2	4,005	1
3,4	4,005	2
4,6	4,005	0
5,801	4,005	0
7	4,005	1
8,2	4,005	0
9,4	4,005	0
10,601	4,01	0
11,799	4,005	0
13,001	4,005	1
14,201	4,005	2
15,401	4	0
16,601	4,005	3
17,8	4	2
19,001	4,01	1
20,201	4	0
21,401	3,995	1
22,601	4,005	2
23,8	4,005	0
25,001	3,995	0
26,201	4	0
27,401	4,005	2
28,6	4	0
29,8	4,005	1
31,001	4	1
32,201	4,005	1
33,401	4,005	1
34,6	4	1
35,8	4	1
37,001	4,005	1
38,201	4,01	1
39,401	4,005	1
40,6	4,005	0
41,8	4,005	3
43,001	4,005	1
44,201	4,01	0
45,402	4,015	1
46,6	4,015	2
47,8	4,005	0
49,001	4	1
50,201	4,005	1
51,401	4,005	1
52,6	4	1
53,8	3,995	0
55,001	4,005	1
56,201	4	1
57,4	4,005	0
58,6	4	3
59,802	4	0
MIN=0	-10	0
MAX=60	10	10
SCALE=60	5	5
DEC=0	2	0
DEF="Zeit" t / s	"Spannung" U_B1 / V	"Rate" R_A1 / 1/s
1,001	4	1
2,201	4,005	0
3,3	4	0
4,501	3,995	0
5,701	4,005	0
6,9	4,005	2
8,001	4,01	1
9,201	4,005	1
10,3	4,01	1
11,501	4,01	0
12,701	4,005	0
13,802	4,005	2
15,001	4	1
16,1	4,005	2
17,3	4,005	0
18,501	4	1
19,701	4,005	1
20,9	4	0
22,1	4,005	0
23,3	4,01	1
24,501	4,005	0
25,7	4,005	0
26,9	4,005	0
28,1	4	1
29,3	4,005	0
30,501	4	1
31,7	4	1
32,9	4	1
34,1	4	2
35,3	4,005	1
36,501	4	1
37,7	4,005	1
38,9	4	0
40,1	4	2
41,3	4,005	2
42,5	4,005	1
43,7	4	1
44,9	4	0
46,1	4,005	1
47,3	4	0
48,5	4	0
49,7	4	0
50,9	4	0
52,1	4,005	1
53,3	4	0
54,5	4,005	0
55,7	4	2
56,9	4	1
58,1	4	0
59,3	4	0
MIN=0	-10	0
MAX=60	10	10
SCALE=60	5	5
DEC=0	2	0
DEF="Zeit" t / s	"Spannung" U_B1 / V	"Rate" R_A1 / 1/s
1,1	4	0
2,3	4,005	2
3,501	4	0
4,701	4,005	1
5,901	4,005	1
7,1	4	1
8,3	4,005	2
9,501	4,005	1
10,701	4	0
11,9	4	0
13,1	4	1
14,3	4,005	1
15,501	3,995	0
16,701	4,005	1
17,9	4	2
19,1	4,005	0
20,3	4	0
21,501	4,005	1
22,7	3,995	0
23,9	4,005	3
25,1	4,005	0
26,3	4,01	2
27,501	4,01	3
28,701	4,015	2
29,9	4,005	0
31,102	4	1
32,3	4,005	1
33,501	4,01	0
34,7	4	1
35,9	4,01	1
37,1	4,005	5
38,3	4,005	0
39,501	4,005	2
40,7	4	2
41,9	4,005	1
43,1	4	3
44,3	4	1
45,5	4,005	1
46,7	4	0
47,9	4,005	0
49,1	4,005	0
50,202	4	1
51,4	4,005	0
52,6	4,005	2
53,8	4,005	3
55	4,005	1
56,2	4,01	2
57,3	4,005	0
58,5	4	0
59,7	4	0
MIN=0	-10	0
MAX=60	10	10
SCALE=60	5	5
DEC=0	2	0
DEF="Zeit" t / s	"Spannung" U_B1 / V	"Rate" R_A1 / 1/s
1,001	4,005	0
2,201	4,005	0
3,4	4,005	0
4,6	4	0
5,8	4	1
7,001	4	0
8,201	4,005	0
9,4	3,995	1
10,6	4,005	0
11,8	4	0
13,001	4	1
14,201	4,005	0
15,4	4,005	2
16,6	4,005	1
17,8	4,01	1
19,001	4,005	1
20,201	4,005	0
21,4	4	2
22,6	4,005	2
23,8	4,005	3
25,001	4,005	2
26,201	4,005	0
27,4	4,01	2
28,601	4,005	1
29,8	4	2
31,001	4,005	0
32,2	4,005	0
33,4	4	1
34,6	4,005	1
35,8	3,995	1
37,001	4	4
38,2	4	0
39,4	4	3
40,6	4,005	1
41,8	4	2
43	4	0
44,2	4	2
45,4	3,995	2
46,6	4	1
47,8	4,005	1
49	4	2
50,2	4	0
51,401	4,015	0
52,601	4	2
53,8	4	1
55	4	0
56,2	4	2
57,4	4,005	2
58,601	4,005	0
59,8	4,005	2
MIN=0	-10	0
MAX=60	10	10
SCALE=60	5	5
DEC=0	2	0
DEF="Zeit" t / s	"Spannung" U_B1 / V	"Rate" R_A1 / 1/s
1,101	4,005	1
2,301	4,01	1
3,5	4,005	1
4,7	4,005	2
5,901	4,005	1
7,101	4	2
8,3	4,005	2
9,5	4,005	1
10,7	4	0
11,901	3,995	1
13,101	4	0
14,3	4	3
15,5	4	1
16,7	4	0
17,901	4	1
19,102	4	0
20,301	4	0
21,5	3,995	2
22,702	4	2
23,901	4	0
25,101	4,005	1
26,3	4,005	2
27,5	4,005	1
28,7	4	1
29,901	4,005	0
31,101	4,01	1
32,3	4	0
33,5	4,005	2
34,7	4,005	0
35,901	4,01	1
37,1	4,005	1
38,301	4	1
39,5	4,005	0
40,7	4	0
41,901	4,005	2
43,1	4	0
44,3	4,005	0
45,5	4,005	2
46,701	4	1
47,9	4,005	2
49,1	4	0
50,3	4	2
51,5	4,005	1
52,7	4	2
53,9	4	1
55,1	4,005	1
56,3	4,005	0
57,501	4,005	0
58,7	4,005	0
59,901	4	0
MIN=0	-10	0
MAX=60	10	10
SCALE=60	5	5
DEC=0	2	0
DEF="Zeit" t / s	"Spannung" U_B1 / V	"Rate" R_A1 / 1/s
1	4	0
2,2	4	0
3,401	4,005	0
4,601	3,995	0
5,801	4	1
7	4	0
8,2	4,005	1
9,401	3,995	0
10,601	4,005	0
11,801	4,005	0
13	4,005	5
14,2	3,995	1
15,401	4,005	1
16,601	4,01	0
17,8	4,005	2
19	4	1
20,2	4,005	0
21,401	4,01	0
22,601	4,01	2
23,8	4,01	0
25	4,01	2
26,2	4,005	1
27,401	4,005	0
28,601	4,005	0
29,8	4,005	0
31	4,005	1
32,201	4,005	0
33,401	4	0
34,6	4,005	0
35,8	4,005	0
37	4,005	1
38,2	4	1
39,401	3,995	1
40,6	4	0
41,8	4	1
43	4	0
44,2	4	0
45,401	4	1
46,6	4	3
47,8	4	0
49	4	2
50,2	4,015	1
51,4	4	2
52,6	4	1
53,8	4,005	1
55	4,005	3
56,2	4,01	2
57,4	3,995	0
58,6	4	1
59,8	4,005	0
MIN=0	-10	0
MAX=60	10	10
SCALE=60	5	5
DEC=0	2	0
DEF="Zeit" t / s	"Spannung" U_B1 / V	"Rate" R_A1 / 1/s
1,001	4,005	1
2,201	4	1
3,301	4,005	0
4,501	4	0
5,701	4	1
6,9	4	0
8,001	3,995	2
9,201	4	1
10,301	4,005	0
11,501	4,005	2
12,701	4	0
13,801	4	1
15,001	4,005	1
16,201	4,005	3
17,301	4,005	1
18,501	4	0
19,6	4,005	0
20,801	4,005	1
22,001	4	1
23,2	4	2
24,4	4,005	0
25,6	4	1
26,8	4,01	0
28,001	4,005	2
29,2	4	1
30,4	4	1
31,6	4,005	1
32,8	4,005	0
34,001	4	0
35,2	4	1
36,402	4,005	1
37,6	4,005	2
38,8	4,005	1
40,001	4,005	1
41,2	4	1
42,4	4	1
43,6	4,005	3
44,8	4	0
46	4	0
47,2	4,005	0
48,4	3,995	0
49,6	4,005	0
50,8	4,005	1
52	4	2
53,2	4	1
54,4	4	2
55,6	4	1
56,8	4,005	1
58	4	1
59,2	4	0
MIN=0	-10	0
MAX=60	10	10
SCALE=60	5	5
DEC=0	2	0
DEF="Zeit" t / s	"Spannung" U_B1 / V	"Rate" R_A1 / 1/s
1	4	0
2,2	4	0
3,401	4,005	1
4,601	4,005	2
5,801	4,005	0
7	4	1
8,2	4	0
9,403	4,005	0
10,602	3,995	1
11,801	4,005	1
13	3,995	0
14,2	4	2
15,401	4,005	0
16,601	4,005	0
17,802	4,005	0
19	4,005	2
20,2	4	0
21,401	4	0
22,601	4,005	2
23,8	4,005	0
25	4,005	1
26,2	4,01	0
27,401	4,005	0
28,601	4,005	1
29,8	4	1
31	4,01	1
32,2	4,005	0
33,401	3,995	0
34,601	4	0
35,8	4	1
37	4,005	2
38,2	4,005	0
39,401	4,005	1
40,6	4,005	1
41,8	4,005	0
43	4	0
44,2	4	1
45,401	4,005	0
46,6	4,005	0
47,8	3,995	0
49	4,005	1
50,2	4	0
51,4	4	0
52,6	4,005	1
53,8	3,995	0
55	4	1
56,2	4	1
57,4	4	1
58,6	3,995	2
59,8	4,005	0
MIN=0	-10	0
MAX=60	10	10
SCALE=60	5	5
DEC=0	2	0
DEF="Zeit" t / s	"Spannung" U_B1 / V	"Rate" R_A1 / 1/s
1,001	4	0
2,201	4,005	0
3,401	4,005	2
4,6	4	2
5,8	4,005	1
7,001	3,995	1
8,201	4	0
9,401	4	1
10,6	4,005	1
11,8	4	2
13,001	3,995	0
14,201	4,005	1
15,4	4	2
16,6	3,995	2
17,8	4,005	1
19,001	4	1
20,201	4,005	0
21,4	3,995	2
22,6	4	1
23,8	4	0
25,001	4,005	0
26,201	4	1
27,4	4	1
28,6	4	1
29,8	4	0
31,001	3,995	0
32,2	4	0
33,4	4,015	1
34,6	4,005	0
35,8	4,015	1
37,001	3,99	0
38,2	4	0
39,4	4	0
40,6	4,005	1
41,8	4,005	2
43,001	4,005	0
44,2	4,005	0
45,4	4	1
46,6	4	1
47,8	4,005	0
49	4,005	0
50,2	4	0
51,4	4,005	0
52,6	4,005	2
53,8	4	2
55	4,005	3
56,2	4,005	0
57,4	4	0
58,6	4,005	0
59,8	4,005	0