MIN=0	-10	0
MAX=120	10	1000
SCALE=120	5	5
DEC=1	2	0
DEF="Zeit" t / s	"Spannung" U_B1 / V	"Ereignisse" N_A1
0	3,985	0
0,1	3,98	29
0,201	3,98	42
0,301	3,985	66
0,4	3,99	91
0,501	3,985	103
0,6	3,975	121
0,701	3,985	139
0,801	3,975	155
0,9	3,985	184
1,001	3,98	205
1,1	3,98	229
1,201	3,995	255
1,301	3,98	274
1,4	3,985	290
1,501	3,98	310
1,6	3,975	336
1,701	3,985	364
1,801	3,975	394
1,9	3,985	424
2,001	3,965	447
2,1	3,975	468
2,201	3,96	494
2,301	3,98	525
2,4	3,975	545
2,501	3,98	564
2,6	3,97	594
2,701	3,98	616
2,8	3,98	638
2,9	3,98	655
3,001	3,98	678
3,1	3,96	702
3,201	3,99	729
3,3	3,98	747
3,401	3,98	770
3,501	3,97	788
3,6	3,975	814
3,701	3,98	839
3,8	3,985	859
3,901	3,975	873
4,001	3,96	897
4,1	3,985	924
4,201	3,98	942
4,3	3,985	961
4,401	3,975	990
4,501	3,975	1005
4,6	3,98	1027
4,701	3,96	1044
4,8	3,975	1065
4,901	3,98	1094
5,001	3,985	1110
5,1	3,985	1121
5,203	3,985	1154
5,3	3,985	1180
5,4	3,98	1206
5,501	3,98	1222
5,6	3,98	1248
5,701	3,975	1268
5,8	3,98	1286
5,901	3,985	1308
6	3,985	1328
6,1	3,975	1359
6,201	3,985	1384
6,3	3,985	1403
6,401	3,985	1433
6,5	3,965	1456
6,6	3,985	1484
6,701	3,98	1517
6,8	3,985	1537
6,901	3,985	1562
7	3,98	1579
7,1	3,975	1601
7,201	3,985	1629
7,3	3,975	1658
7,401	3,98	1680
7,5	3,98	1700
7,6	3,975	1720
7,701	3,985	1743
7,8	3,975	1766
7,901	3,98	1787
8	3,985	1810
8,101	3,975	1842
8,201	3,965	1865
8,301	3,975	1884
8,401	3,985	1910
8,5	3,98	1928
8,6	3,985	1951
8,701	3,985	1973
8,802	3,975	1998
8,901	3,975	2021
9	3,985	2037
9,101	3,97	2055
9,2	3,96	2080
9,3	3,985	2101
9,401	3,98	2132
9,5	3,985	2155
9,601	3,975	2172
9,7	3,985	2187
9,8	3,98	2204
9,901	3,985	2222
10	3,97	2247
10,1	3,975	2267
10,2	3,98	2287
10,3	3,975	2311
10,401	3,98	2332
10,5	3,98	2356
10,6	3,96	2375
10,7	3,985	2402
10,8	3,985	2411
10,901	3,98	2438
11	3,98	2462
11,101	3,99	2486
11,2	3,98	2505
11,301	3,975	2532
11,401	3,975	2561
11,5	3,98	2592
11,601	3,965	2609
11,7	3,98	2631
11,8	3,985	2645
11,901	3,975	2666
12	3,985	2693
12,101	3,975	2720
12,2	3,98	2747
12,3	3,98	2769
12,4	3,98	2791
12,5	3,99	2812
12,601	3,985	2840
12,7	3,98	2866
12,8	3,97	2890
12,9	3,985	2912
13	3,95	2930
13,101	3,98	2961
13,201	3,985	2987
13,3	3,975	3013
13,4	3,975	3037
13,5	3,975	3060
13,601	3,985	3089
13,7	3,98	3111
13,801	3,985	3126
13,9	3,99	3153
14	3,985	3176
14,101	3,985	3195
14,2	3,98	3217
14,3	3,98	3241
14,4	3,96	3260
14,5	3,98	3296
14,601	3,97	3324
14,7	3,985	3342
14,802	3,985	3356
14,9	3,98	3368
15	3,985	3392
15,101	3,985	3407
15,2	3,99	3426
15,301	3,985	3448
15,4	3,98	3470
15,5	3,98	3488
15,601	3,98	3518
15,7	3,97	3541
15,801	3,985	3562
15,9	3,985	3581
16	3,98	3598
16,1	3,98	3619
16,2	3,99	3642
16,301	3,985	3666
16,4	3,985	3686
16,5	3,98	3704
16,6	3,985	3730
16,7	3,985	3756
16,801	3,985	3778
16,9	3,98	3799
17	3,985	3817
17,1	3,98	3835
17,2	3,98	3859
17,301	3,985	3887
17,4	3,98	3908
17,5	3,985	3932
17,6	3,98	3956
17,7	3,97	3976
17,801	3,975	3990
17,9	3,98	4013
18	3,985	4038
18,1	3,975	4064
18,2	3,975	4085
18,3	3,97	4105
18,4	3,975	4124
18,5	3,985	4150
18,6	3,985	4171
18,7	3,98	4193
18,8	3,985	4219
18,9	3,985	4238
19	3,975	4261
19,1	3,97	4283
19,2	3,98	4310
19,3	3,985	4331
19,4	3,985	4350
19,5	3,98	4378
19,6	3,98	4408
19,7	3,98	4427
19,8	3,975	4451
19,9	3,97	4474
20	3,965	4492
20,101	3,975	4516
20,2	3,975	4532
20,3	3,975	4553
20,4	3,97	4575
20,501	3,96	4603
20,6	3,975	4635
20,7	3,98	4652
20,8	3,98	4678
20,9	3,98	4697
21	3,975	4720
21,1	3,97	4742
21,2	3,97	4760
21,3	3,99	4785
21,4	3,98	4811
21,5	3,98	4837
21,6	3,975	4855
21,7	3,97	4877
21,8	3,99	4900
21,9	3,985	4925
22	3,985	4956
22,1	3,975	4977
22,2	3,98	4994
22,3	3,98	5017
22,4	3,985	5029
22,501	3,98	5043
22,6	3,98	5062
22,7	3,98	5086
22,8	3,98	5116
22,9	3,985	5141
23	3,98	5159
23,1	3,98	5179
23,2	3,985	5198
23,301	3,975	5223
23,4	3,975	5247
23,5	3,98	5273
23,6	3,985	5294
23,7	3,985	5319
23,8	3,985	5342
23,9	3,98	5366
24	3,98	5392
24,1	3,98	5413
24,2	3,98	5435
24,3	3,98	5456
24,4	3,97	5469
24,501	3,98	5493
24,6	3,98	5512
24,7	3,975	5531
24,8	3,98	5556
24,9	3,98	5590
25	3,98	5607
25,1	3,975	5636
25,2	3,98	5657
25,3	3,98	5673
25,401	3,985	5702
25,5	3,98	5720
25,6	3,98	5743
25,699	3,98	5762
25,8	3,985	5788
25,9	3,98	5812
26	3,98	5826
26,101	3,975	5845
26,2	3,985	5868
26,3	3,965	5898
26,4	3,975	5921
26,5	3,965	5944
26,6	3,975	5963
26,7	3,98	5984
26,8	3,985	6009
26,9	3,975	6031
27	3,98	6064
27,1	3,98	6085
27,201	3,96	6111
27,3	3,985	6132
27,4	3,96	6151
27,5	3,975	6179
27,6	3,985	6206
27,7	3,965	6220
27,801	3,975	6241
27,9	3,98	6260
28	3,98	6278
28,101	3,99	6294
28,201	3,98	6319
28,301	3,975	6346
28,399	3,985	6362
28,501	3,975	6382
28,601	3,975	6411
28,701	3,98	6437
28,8	3,98	6460
28,9	3,98	6482
29,001	3,985	6497
29,1	3,985	6517
29,201	3,985	6533
29,301	3,98	6562
29,4	3,975	6578
29,501	3,985	6593
29,601	3,98	6618
29,701	3,985	6637
29,801	3,975	6655
29,901	3,985	6680
30,001	3,975	6710
30,101	3,98	6736
30,2	3,98	6754
30,301	3,985	6771
30,4	3,975	6799
30,501	3,985	6821
30,601	3,98	6847
30,701	3,98	6871
30,801	3,99	6890
30,901	3,985	6907
31,001	3,975	6924
31,1	3,98	6940
31,201	3,98	6963
31,301	3,975	6983
31,401	3,98	7006
31,501	3,99	7032
31,6	3,985	7055
31,701	3,975	7086
31,801	3,99	7105
31,9	3,99	7131
32,001	3,985	7154
32,1	3,99	7173
32,201	3,985	7188
32,301	3,98	7201
32,401	3,98	7217
32,501	3,985	7244
32,6	3,98	7266
32,701	3,98	7287
32,801	3,96	7305
32,901	3,98	7334
33,001	3,985	7358
33,1	3,99	7378
33,203	3,975	7399
33,301	3,975	7434
33,401	3,98	7462
33,501	3,98	7489
33,6	3,965	7516
33,701	3,99	7536
33,801	3,985	7558
33,901	3,98	7578
34,001	3,985	7601
34,1	3,99	7625
34,201	3,985	7645
34,3	3,985	7665
34,401	3,965	7686
34,501	3,985	7709
34,6	3,99	7726
34,701	3,99	7743
34,802	3,985	7766
34,901	3,985	7783
35,001	3,99	7803
35,101	3,99	7818
35,201	3,99	7847
35,3	3,985	7862
35,401	3,985	7883
35,501	3,985	7904
35,6	3,965	7929
35,701	3,985	7952
35,8	3,99	7969
35,901	3,975	7985
36,001	3,985	8016
36,101	3,98	8038
36,201	3,985	8053
36,3	3,985	8078
36,401	3,98	8102
36,501	3,99	8119
36,601	3,98	8142
36,701	3,99	8166
36,8	3,99	8191
36,901	3,97	8213
37,001	3,985	8237
37,101	3,99	8253
37,201	3,99	8275
37,3	3,985	8307
37,401	3,98	8334
37,5	3,99	8352
37,601	3,99	8370
37,701	3,995	8390
37,8	3,975	8407
37,901	3,985	8424
38	3,985	8449
38,101	3,99	8475
38,201	3,985	8504
38,3	3,985	8521
38,401	3,98	8543
38,5	3,98	8575
38,601	3,99	8593
38,701	3,99	8613
38,8	3,97	8633
38,901	3,975	8657
39	3,985	8685
39,101	3,99	8701
39,201	3,98	8722
39,3	3,985	8748
39,401	3,99	8769
39,5	3,98	8793
39,601	3,99	8825
39,701	3,985	8839
39,8	3,985	8854
39,901	3,985	8870
40	3,985	8887
40,101	3,985	8913
40,201	3,98	8938
40,3	3,99	8957
40,402	3,98	8983
40,5	3,975	9004
40,601	3,985	9028
40,7	3,99	9052
40,801	3,985	9079
40,901	3,975	9102
41	3,98	9128
41,101	3,965	9151
41,2	3,98	9177
41,301	3,98	9204
41,401	3,98	9224
41,5	3,98	9239
41,601	3,985	9260
41,7	3,975	9291
41,801	3,975	9316
41,901	3,975	9339
42	3,98	9359
42,101	3,975	9373
42,2	3,975	9393
42,3	3,985	9414
42,401	3,98	9440
42,5	3,98	9457
42,601	3,975	9489
42,7	3,98	9509
42,801	3,985	9537
42,901	3,98	9559
43	3,985	9572
43,101	3,98	9594
43,2	3,975	9617
43,3	3,975	9637
43,401	3,975	9664
43,5	3,98	9692
43,601	3,97	9712
43,7	3,96	9740
43,801	3,98	9769
43,9	3,985	9783
44	3,975	9804
44,101	3,975	9836
44,2	3,98	9866
44,301	3,985	9887
44,4	3,98	9904
44,5	3,975	9928
44,601	3,98	9957
44,7	3,985	9985
44,803	3,97	10009
44,9	3,98	10027
45	3,985	10051
45,101	3,97	10077
45,2	3,975	10109
45,302	3,975	10142
45,4	3,98	10162
45,5	3,965	10177
45,601	3,98	10210
45,701	3,99	10238
45,801	3,985	10258
45,9	3,98	10281
46,001	3,98	10304
46,101	3,975	10324
46,2	3,98	10353
46,301	3,985	10381
46,4	3,98	10395
46,5	3,985	10418
46,601	3,97	10441
46,7	3,98	10474
46,801	3,985	10490
46,9	3,98	10515
47,001	3,975	10531
47,1	3,98	10552
47,2	3,965	10586
47,301	3,965	10605
47,4	3,975	10633
47,501	3,98	10655
47,6	3,97	10675
47,7	3,975	10706
47,801	3,98	10725
47,9	3,975	10750
48,001	3,98	10775
48,1	3,98	10797
48,2	3,985	10820
48,301	3,985	10838
48,4	3,985	10862
48,5	3,97	10890
48,6	3,965	10908
48,7	3,985	10928
48,801	3,975	10954
48,9	3,965	10980
49,001	3,98	11003
49,1	3,98	11021
49,2	3,985	11053
49,301	3,955	11070
49,4	3,98	11092
49,501	3,98	11113
49,6	3,98	11127
49,7	3,985	11152
49,8	3,97	11168
49,9	3,985	11198
50,001	3,985	11214
50,1	3,985	11230
50,2	3,985	11260
50,301	3,98	11281
50,4	3,98	11302
50,501	3,985	11321
50,6	3,97	11343
50,701	3,985	11364
50,8	3,965	11382
50,9	3,975	11415
51,001	3,975	11437
51,1	3,98	11456
51,201	3,98	11478
51,3	3,98	11502
51,4	3,99	11516
51,501	3,985	11538
51,6	3,98	11555
51,701	3,98	11584
51,8	3,98	11607
51,9	3,97	11637
52,001	3,975	11660
52,1	3,99	11678
52,201	3,98	11699
52,302	3,98	11721
52,4	3,985	11745
52,501	3,98	11765
52,6	3,985	11784
52,701	3,975	11808
52,802	3,985	11827
52,9	3,99	11842
53	3,985	11866
53,1	3,99	11889
53,201	3,97	11912
53,3	3,97	11941
53,4	3,98	11974
53,5	3,985	11995
53,6	3,985	12013
53,7	3,965	12033
53,8	3,98	12060
53,9	3,985	12087
54	3,99	12110
54,1	3,98	12132
54,201	3,985	12153
54,3	3,985	12169
54,4	3,985	12188
54,5	3,965	12205
54,6	3,99	12227
54,701	3,99	12247
54,8	3,97	12275
54,9	3,99	12302
55	3,98	12326
55,1	3,99	12337
55,201	3,985	12360
55,3	3,99	12386
55,401	3,99	12413
55,5	3,985	12440
55,6	3,98	12459
55,701	3,985	12477
55,8	3,99	12497
55,9	3,99	12518
56	3,98	12534
56,1	3,985	12561
56,2	3,98	12581
56,3	3,98	12608
56,4	3,985	12639
56,5	3,98	12661
56,6	3,985	12686
56,7	3,985	12705
56,8	3,99	12724
56,901	3,98	12747
57	3,985	12771
57,1	3,98	12793
57,2	3,99	12811
57,3	3,98	12832
57,401	3,97	12847
57,5	3,985	12872
57,6	3,98	12895
57,7	3,98	12916
57,8	3,985	12943
57,901	3,985	12959
58	3,97	12984
58,1	3,98	13004
58,2	3,975	13024
58,3	3,985	13050
58,401	3,99	13074
58,5	3,985	13095
58,601	3,985	13118
58,7	3,99	13138
58,8	3,985	13156
58,901	3,965	13181
59,001	3,985	13203
59,1	3,985	13231
59,2	3,985	13253
59,3	3,99	13276
59,4	3,985	13298
59,5	3,965	13318
59,6	3,98	13343
59,7	3,985	13371
59,8	3,99	13398
59,9	3,98	13422
60	3,985	13439
60,1	3,985	13463
60,2	3,98	13484
60,3	3,98	13500
60,4	3,96	13534
60,5	3,985	13557
60,6	3,985	13578
60,7	3,99	13596
60,8	3,975	13613
60,9	3,99	13635
61,001	3,98	13649
61,1	3,985	13669
61,2	3,98	13690
61,3	3,98	13705
61,4	3,99	13735
61,5	3,97	13761
61,601	3,98	13788
61,7	3,98	13805
61,8	3,975	13829
61,9	3,985	13843
62	3,975	13877
62,1	3,975	13905
62,2	3,985	13923
62,3	3,985	13940
62,4	3,985	13962
62,5	3,985	13982
62,6	3,97	14010
62,7	3,975	14039
62,8	3,975	14071
62,9	3,98	14092
63	3,975	14122
63,1	3,98	14142
63,2	3,98	14166
63,3	3,98	14184
63,4	3,985	14204
63,5	3,985	14227
63,599	3,98	14247
63,702	3,985	14269
63,8	3,985	14288
63,901	3,985	14305
64	3,985	14327
64,099	3,985	14353
64,2	3,985	14385
64,3	3,98	14410
64,4	3,955	14433
64,5	3,98	14449
64,6	3,975	14477
64,7	3,98	14501
64,8	3,985	14523
64,9	3,98	14541
65	3,975	14564
65,1	3,985	14584
65,2	3,98	14608
65,3	3,985	14626
65,4	3,97	14647
65,5	3,98	14670
65,6	3,98	14696
65,701	3,97	14730
65,8	3,98	14751
65,901	3,98	14773
66,001	3,98	14794
66,101	3,98	14813
66,2	3,98	14833
66,3	3,98	14856
66,401	3,99	14884
66,5	3,985	14909
66,6	3,975	14933
66,7	3,985	14962
66,799	4,005	14975
66,9	3,985	14998
67,001	3,97	15014
67,1	3,98	15035
67,2	3,985	15059
67,299	3,965	15089
67,4	3,98	15111
67,5	3,98	15126
67,601	3,97	15144
67,701	3,98	15171
67,801	3,98	15191
67,901	3,98	15214
68,001	3,97	15236
68,102	3,985	15255
68,201	3,975	15277
68,301	3,985	15298
68,401	3,98	15319
68,501	3,985	15338
68,601	3,98	15358
68,701	3,98	15378
68,801	3,975	15405
68,901	3,975	15424
69	3,975	15440
69,101	3,985	15460
69,201	3,985	15479
69,301	3,98	15499
69,401	3,975	15523
69,5	3,985	15541
69,601	3,99	15561
69,701	3,985	15588
69,801	3,98	15611
69,901	3,98	15629
70	3,975	15657
70,101	3,975	15682
70,201	3,975	15705
70,3	3,98	15728
70,401	3,98	15750
70,5	3,98	15769
70,601	3,98	15794
70,701	3,975	15823
70,801	3,98	15846
70,901	3,97	15870
71,001	3,985	15890
71,101	3,96	15909
71,201	3,985	15928
71,301	3,965	15952
71,401	3,985	15974
71,5	3,98	15992
71,601	3,98	16015
71,701	3,99	16033
71,801	3,98	16059
71,901	3,96	16079
72	3,975	16109
72,101	3,98	16134
72,202	3,985	16153
72,301	3,98	16178
72,401	3,975	16205
72,5	3,985	16231
72,601	3,99	16247
72,7	3,98	16261
72,801	3,975	16285
72,901	3,97	16307
73,001	3,98	16341
73,1	3,985	16367
73,2	3,985	16383
73,301	3,965	16404
73,401	3,985	16433
73,501	3,985	16461
73,601	3,985	16483
73,7	3,98	16502
73,801	3,98	16525
73,901	4,035	16555
74,001	3,98	16581
74,1	3,99	16603
74,2	3,98	16621
74,301	3,98	16640
74,401	3,97	16663
74,501	3,985	16692
74,601	3,975	16706
74,7	3,98	16730
74,801	3,975	16756
74,9	3,99	16777
75,001	3,97	16793
75,101	3,985	16814
75,2	3,985	16835
75,301	3,98	16858
75,4	3,975	16886
75,501	3,985	16910
75,601	3,98	16938
75,7	3,975	16958
75,801	3,985	16982
75,9	3,98	16999
76,001	3,985	17021
76,101	3,98	17043
76,2	3,985	17064
76,301	3,98	17087
76,4	3,98	17111
76,501	3,98	17135
76,601	3,97	17159
76,7	3,985	17174
76,801	3,975	17193
76,9	3,98	17218
77,001	3,98	17243
77,101	3,98	17267
77,2	3,98	17288
77,301	3,98	17311
77,4	3,985	17333
77,501	3,975	17347
77,601	3,98	17362
77,7	3,98	17392
77,801	3,975	17427
77,9	3,98	17458
78,001	3,97	17480
78,1	3,985	17505
78,2	3,98	17535
78,301	3,98	17557
78,4	3,98	17580
78,501	3,985	17594
78,6	3,98	17620
78,701	3,985	17636
78,802	3,975	17655
78,9	3,98	17673
79,001	3,99	17697
79,1	3,98	17713
79,201	3,98	17733
79,301	3,975	17751
79,4	3,98	17773
79,501	3,98	17800
79,6	3,985	17822
79,701	3,965	17848
79,801	3,985	17871
79,9	3,975	17896
80,001	3,965	17925
80,1	3,975	17949
80,201	3,975	17974
80,301	3,985	18001
80,4	3,98	18023
80,501	3,98	18049
80,6	3,985	18071
80,701	3,975	18101
80,801	3,985	18118
80,9	3,985	18144
81,001	3,975	18169
81,1	3,985	18195
81,201	3,98	18225
81,3	3,98	18245
81,4	3,98	18266
81,501	3,98	18283
81,6	3,965	18309
81,701	3,97	18327
81,8	3,965	18348
81,9	3,97	18370
82,001	3,99	18394
82,1	3,985	18412
82,201	3,98	18439
82,3	3,985	18457
82,4	3,98	18483
82,501	3,975	18501
82,6	3,985	18520
82,701	3,98	18535
82,8	3,985	18546
82,9	3,98	18567
83,001	3,98	18586
83,1	3,985	18614
83,201	3,99	18625
83,3	3,97	18633
83,402	3,985	18662
83,501	3,98	18682
83,6	3,98	18704
83,701	3,995	18726
83,8	3,98	18753
83,901	3,975	18780
84,001	3,98	18797
84,1	3,99	18816
84,201	3,985	18835
84,3	3,99	18857
84,4	3,96	18874
84,5	3,975	18895
84,6	3,98	18915
84,701	3,985	18943
84,8	3,98	18959
84,901	3,99	18995
85	3,965	19022
85,1	3,985	19051
85,201	3,985	19075
85,3	3,98	19099
85,401	3,985	19128
85,5	3,97	19151
85,6	3,99	19165
85,701	3,99	19198
85,8	3,99	19218
85,901	3,98	19246
86	3,99	19273
86,1	3,985	19293
86,201	3,985	19317
86,3	3,985	19331
86,401	3,985	19351
86,5	3,99	19373
86,6	3,985	19391
86,701	3,985	19417
86,8	3,985	19441
86,901	3,98	19462
87	3,99	19491
87,1	3,985	19517
87,201	3,97	19537
87,3	3,985	19560
87,401	3,985	19579
87,5	3,985	19605
87,6	3,99	19637
87,7	3,98	19663
87,8	3,98	19687
87,901	3,98	19713
88	3,98	19731
88,1	3,99	19750
88,2	3,985	19781
88,301	3,985	19800
88,401	3,98	19827
88,5	3,99	19846
88,6	3,975	19869
88,7	3,99	19893
88,8	3,99	19908
88,901	3,98	19922
89	3,98	19946
89,1	3,965	19963
89,2	3,995	19990
89,301	3,99	20010
89,401	3,99	20031
89,5	3,98	20047
89,601	3,99	20066
89,7	3,99	20092
89,8	3,98	20113
89,901	3,985	20139
90	3,98	20157
90,101	3,99	20176
90,2	3,965	20190
90,3	3,985	20213
90,401	3,995	20237
90,5	3,985	20258
90,601	3,97	20278
90,7	3,98	20302
90,8	3,985	20326
90,9	3,985	20347
91	3,985	20366
91,101	3,99	20380
91,2	3,985	20404
91,3	3,98	20436
91,4	3,98	20455
91,5	3,98	20476
91,601	3,98	20499
91,7	3,97	20533
91,8	3,975	20559
91,9	3,99	20578
92,001	3,985	20603
92,101	3,985	20626
92,2	3,98	20652
92,3	3,99	20669
92,4	3,99	20690
92,5	4	20709
92,601	3,99	20728
92,7	3,99	20750
92,8	3,99	20768
92,901	3,985	20790
93	3,98	20820
93,101	3,99	20849
93,2	3,975	20872
93,3	3,985	20891
93,4	3,975	20909
93,5	3,97	20937
93,601	3,985	20958
93,7	3,98	20977
93,801	3,98	21009
93,9	3,97	21033
94	3,985	21061
94,1	3,985	21081
94,2	3,975	21104
94,301	3,99	21125
94,4	3,985	21146
94,5	3,985	21168
94,6	3,985	21193
94,7	3,98	21211
94,801	3,98	21239
94,9	3,975	21255
95	3,985	21276
95,1	3,98	21286
95,2	3,98	21313
95,3	3,975	21334
95,4	3,975	21362
95,5	3,98	21387
95,6	3,98	21418
95,7	3,98	21434
95,8	3,985	21457
95,9	3,985	21476
96	3,975	21495
96,1	3,985	21518
96,2	3,975	21539
96,301	3,985	21559
96,401	3,985	21582
96,5	3,975	21603
96,6	3,975	21630
96,7	3,985	21660
96,801	3,98	21692
96,9	3,98	21711
97	3,99	21729
97,1	3,98	21750
97,2	3,975	21784
97,3	3,975	21810
97,4	3,975	21830
97,5	3,98	21851
97,6	3,98	21869
97,7	3,975	21882
97,8	3,985	21903
97,9	3,985	21922
98	3,98	21949
98,1	3,97	21970
98,2	3,985	21996
98,3	3,985	22012
98,4	3,985	22033
98,5	3,98	22053
98,6	3,98	22075
98,7	3,99	22109
98,8	3,985	22131
98,902	3,99	22153
99,001	3,985	22180
99,1	3,98	22203
99,2	3,975	22224
99,3	3,955	22251
99,4	3,975	22282
99,501	3,985	22304
99,6	3,98	22322
99,7	3,98	22340
99,8	3,985	22358
99,9	3,98	22379
100,001	3,98	22408
100,1	3,98	22423
100,2	3,97	22446
100,3	3,98	22466
100,4	3,985	22485
100,5	3,98	22506
100,6	3,97	22531
100,7	3,98	22555
100,8	3,975	22586
100,9	3,98	22601
101	3,98	22626
101,1	3,975	22646
101,2	3,985	22673
101,3	3,98	22699
101,402	3,975	22721
101,5	3,975	22738
101,6	3,98	22758
101,7	3,97	22773
101,8	3,98	22791
101,9	3,98	22815
102	3,98	22838
102,1	3,98	22861
102,2	3,985	22878
102,301	3,985	22902
102,4	3,975	22931
102,5	3,955	22950
102,6	3,985	22973
102,7	3,985	22999
102,801	3,98	23020
102,9	3,975	23041
103	3,98	23057
103,1	3,98	23086
103,2	3,98	23116
103,3	3,975	23146
103,4	3,98	23173
103,5	3,985	23195
103,6	3,975	23213
103,699	3,98	23234
103,8	3,975	23259
103,9	3,985	23280
104	3,98	23304
104,1	3,975	23334
104,199	3,985	23362
104,3	3,98	23381
104,4	3,985	23406
104,5	3,98	23424
104,6	3,965	23448
104,699	3,99	23474
104,8	3,98	23498
104,9	3,97	23522
105	3,98	23544
105,1	3,98	23568
105,201	3,975	23587
105,3	3,98	23603
105,4	3,98	23623
105,501	3,98	23642
105,601	3,985	23658
105,7	3,985	23676
105,801	3,975	23700
105,9	3,98	23725
106,001	3,975	23746
106,1	3,98	23770
106,2	3,98	23791
106,301	3,975	23806
106,4	3,985	23825
106,501	3,98	23846
106,601	3,975	23868
106,701	3,975	23888
106,801	3,98	23903
106,9	3,97	23926
107,001	3,97	23960
107,101	3,985	23979
107,201	3,975	23999
107,3	3,98	24023
107,4	3,985	24042
107,501	3,975	24067
107,601	3,97	24094
107,701	3,98	24123
107,801	3,98	24147
107,9	3,96	24174
108,001	3,985	24198
108,101	3,97	24219
108,201	3,98	24230
108,301	3,98	24246
108,4	3,985	24260
108,501	3,98	24276
108,601	3,975	24299
108,701	3,985	24317
108,8	3,98	24339
108,9	3,955	24359
109,001	3,975	24383
109,101	3,985	24404
109,201	3,98	24420
109,301	3,975	24435
109,401	3,98	24466
109,501	3,98	24490
109,6	3,98	24513
109,7	3,98	24532
109,801	3,98	24551
109,901	3,98	24571
110,001	3,985	24593
110,1	3,985	24618
110,201	3,975	24640
110,301	3,975	24669
110,401	3,97	24695
110,501	3,99	24719
110,6	3,975	24739
110,701	3,975	24757
110,801	3,985	24780
110,901	3,98	24794
111,001	3,975	24815
111,1	3,985	24841
111,201	3,98	24858
111,301	3,98	24887
111,401	3,98	24902
111,501	3,975	24928
111,6	3,985	24958
111,701	3,975	24976
111,801	3,98	24997
111,901	3,975	25023
112,001	3,975	25053
112,1	3,98	25080
112,201	3,985	25099
112,301	3,98	25122
112,401	3,97	25150
112,501	3,975	25172
112,6	3,99	25190
112,701	3,98	25206
112,8	3,965	25227
112,901	3,98	25253
113,001	3,97	25280
113,1	3,985	25307
113,201	3,985	25329
113,3	3,975	25354
113,401	3,98	25377
113,501	3,975	25400
113,6	3,98	25429
113,701	3,985	25445
113,8	3,98	25466
113,901	3,965	25486
114,001	3,975	25512
114,1	3,975	25536
114,201	3,975	25555
114,3	3,97	25573
114,401	3,975	25595
114,501	3,975	25621
114,6	3,985	25648
114,701	3,975	25680
114,8	3,98	25702
114,901	3,975	25723
115,001	3,98	25747
115,102	3,975	25769
115,201	3,98	25790
115,3	3,985	25807
115,401	3,98	25823
115,501	3,99	25845
115,602	3,97	25864
115,701	3,985	25884
115,8	3,965	25909
115,901	3,98	25930
116	3,955	25959
116,101	3,975	25987
116,201	3,975	26001
116,3	3,985	26024
116,401	3,98	26043
116,5	3,965	26068
116,601	3,98	26083
116,701	3,98	26109
116,8	3,985	26126
116,901	3,99	26145
117,001	3,985	26167
117,101	3,985	26187
117,201	3,98	26205
117,3	3,985	26222
117,401	3,98	26244
117,502	3,98	26260
117,601	3,985	26284
117,701	3,975	26311
117,801	3,98	26332
117,901	3,99	26349
118	3,98	26373
118,101	3,98	26397
118,201	3,975	26420
118,3	3,99	26441
118,401	3,97	26463
118,5	3,99	26490
118,601	3,985	26508
118,701	3,985	26525
118,801	3,985	26544
118,901	3,985	26564
119	3,985	26582
119,101	3,975	26611
119,2	3,985	26631
119,3	3,98	26649
119,401	3,985	26665
119,5	3,99	26680
119,601	3,985	26703
119,7	3,99	26728
119,8	3,985	26748
119,901	3,985	26774
MIN=0	-10	0
MAX=120	10	1000
SCALE=120	5	5
DEC=1	2	0
DEF="Zeit" t / s	"Spannung" U_B1 / V	"Ereignisse" N_A1
0	3,985	0
0,101	3,99	24
0,2	3,995	47
0,3	3,985	60
0,401	3,98	83
0,5	3,99	100
0,601	3,985	126
0,701	3,99	151
0,8	3,965	176
0,901	3,98	194
1	3,985	215
1,101	3,975	233
1,201	3,985	247
1,3	3,98	261
1,401	3,98	287
1,5	3,985	315
1,601	3,98	338
1,701	3,99	361
1,8	3,99	377
1,901	3,985	390
2	3,95	403
2,101	3,99	431
2,199	3,985	450
2,301	3,985	472
2,401	3,985	488
2,5	3,98	507
2,601	3,985	530
2,7	3,99	546
2,8	3,96	571
2,901	3,99	594
3	3,985	607
3,101	3,985	620
3,2	3,995	646
3,301	3,975	670
3,401	3,98	697
3,5	3,985	714
3,601	3,975	734
3,7	3,98	760
3,801	3,98	782
3,901	3,98	797
4	3,99	814
4,101	3,975	839
4,2	3,985	862
4,301	3,97	882
4,401	3,985	905
4,5	3,99	922
4,601	3,985	937
4,7	3,99	953
4,801	3,985	970
4,9	3,99	983
5	3,99	1002
5,101	3,985	1023
5,2	3,99	1041
5,301	3,985	1060
5,4	3,985	1087
5,5	3,985	1105
5,601	3,985	1125
5,7	3,985	1149
5,801	3,99	1158
5,9	3,97	1182
6,001	3,985	1201
6,101	3,99	1216
6,2	3,985	1235
6,301	3,985	1257
6,4	3,99	1268
6,5	3,985	1281
6,601	3,985	1313
6,7	3,985	1331
6,802	3,985	1351
6,901	3,99	1373
7	3,985	1397
7,101	3,99	1419
7,2	3,985	1440
7,301	3,99	1456
7,402	3,975	1475
7,501	3,985	1501
7,601	3,975	1525
7,7	3,985	1551
7,801	3,99	1567
7,9	3,985	1590
8,001	3,985	1610
8,102	3,98	1633
8,2	3,985	1656
8,301	3,97	1680
8,4	3,985	1698
8,501	3,99	1719
8,6	3,98	1741
8,7	3,99	1765
8,801	3,98	1779
8,9	3,99	1801
9	3,985	1821
9,1	3,975	1841
9,2	3,975	1858
9,301	3,98	1881
9,4	3,985	1902
9,501	3,98	1927
9,6	3,98	1950
9,7	3,985	1967
9,801	3,985	1991
9,9	3,97	2007
10,001	3,985	2029
10,1	3,985	2051
10,2	3,98	2074
10,301	3,99	2098
10,4	3,985	2112
10,501	3,98	2138
10,6	3,98	2157
10,7	3,98	2178
10,801	3,985	2194
10,9	3,98	2213
11,001	3,985	2235
11,1	3,975	2257
11,2	3,985	2281
11,3	3,98	2303
11,4	3,98	2320
11,501	3,99	2338
11,6	3,98	2355
11,7	3,975	2367
11,8	3,975	2389
11,9	3,975	2409
12,001	3,985	2427
12,1	3,985	2445
12,2	3,985	2462
12,3	3,98	2482
12,4	3,98	2499
12,501	3,985	2521
12,6	3,995	2539
12,701	3,985	2556
12,802	3,99	2574
12,9	3,985	2592
13,001	3,985	2612
13,1	3,98	2635
13,201	3,98	2660
13,3	3,975	2682
13,4	3,985	2702
13,501	3,99	2723
13,6	3,985	2735
13,701	3,985	2746
13,8	3,98	2763
13,9	3,985	2781
14,001	3,975	2801
14,1	3,98	2824
14,201	3,975	2846
14,3	3,985	2866
14,4	3,98	2888
14,5	3,965	2912
14,601	3,98	2931
14,701	3,985	2957
14,8	3,985	2972
14,9	3,975	2992
15,001	3,975	3013
15,1	3,98	3038
15,201	3,985	3056
15,3	3,985	3077
15,4	3,965	3098
15,5	3,99	3117
15,6	3,98	3130
15,701	3,975	3149
15,8	3,985	3171
15,9	3,985	3187
16	3,98	3205
16,1	3,985	3220
16,201	3,985	3236
16,3	3,98	3263
16,4	3,98	3286
16,5	3,985	3305
16,601	3,985	3325
16,701	3,99	3349
16,8	3,98	3365
16,9	3,985	3386
17	3,985	3409
17,1	3,98	3433
17,201	3,985	3448
17,3	3,975	3471
17,401	3,98	3494
17,5	3,985	3516
17,6	3,985	3535
17,7	3,98	3555
17,8	3,98	3572
17,9	3,985	3587
18	3,98	3607
18,1	3,98	3627
18,2	3,985	3644
18,3	3,975	3664
18,4	3,99	3687
18,5	3,98	3706
18,6	3,985	3723
18,7	3,975	3747
18,8	4,01	3770
18,901	3,985	3794
19	3,985	3815
19,1	3,965	3840
19,2	3,98	3871
19,3	3,98	3895
19,401	3,98	3918
19,5	3,965	3934
19,6	3,98	3951
19,7	3,98	3973
19,8	3,985	3992
19,901	3,98	4014
20	3,985	4033
20,1	3,985	4049
20,2	3,98	4065
20,3	3,98	4081
20,401	3,96	4102
20,5	3,975	4124
20,6	3,965	4141
20,7	3,96	4163
20,8	3,985	4193
20,9	3,985	4211
21	3,985	4223
21,1	3,985	4237
21,2	3,98	4265
21,3	3,985	4278
21,4	3,985	4295
21,5	3,98	4315
21,6	3,98	4341
21,7	3,985	4358
21,8	3,98	4380
21,9	3,97	4401
22	3,98	4418
22,1	3,985	4436
22,2	3,98	4450
22,3	3,98	4469
22,402	3,98	4489
22,501	3,975	4511
22,601	3,965	4534
22,7	3,96	4553
22,8	3,985	4577
22,9	3,985	4598
23	3,98	4623
23,101	3,98	4641
23,2	3,985	4662
23,3	3,98	4686
23,4	3,98	4708
23,5	3,975	4734
23,6	3,98	4758
23,7	3,985	4781
23,8	3,98	4796
23,9	3,985	4827
24	3,99	4841
24,1	3,985	4860
24,2	3,98	4873
24,3	3,965	4896
24,4	3,98	4918
24,5	3,985	4936
24,6	3,98	4957
24,7	3,985	4974
24,8	3,975	4995
24,9	3,98	5013
25	3,97	5032
25,1	3,98	5050
25,2	3,975	5074
25,3	3,985	5098
25,4	3,975	5123
25,5	3,985	5149
25,6	3,975	5162
25,7	3,98	5178
25,8	3,965	5200
25,9	3,98	5218
26	3,985	5231
26,1	3,975	5249
26,2	3,975	5271
26,301	3,985	5286
26,4	3,985	5306
26,501	3,985	5323
26,602	3,985	5350
26,7	3,99	5364
26,8	3,975	5381
26,9	3,985	5394
27	3,985	5408
27,101	3,985	5424
27,201	3,985	5440
27,3	3,985	5458
27,401	3,98	5474
27,5	3,985	5495
27,6	3,985	5519
27,7	3,98	5550
27,799	3,975	5567
27,9	3,985	5594
28,001	3,98	5612
28,1	3,985	5630
28,201	3,98	5651
28,3	3,97	5673
28,4	3,975	5694
28,501	3,98	5716
28,601	3,98	5741
28,701	3,975	5754
28,801	3,975	5779
28,901	4,005	5795
29,002	3,98	5817
29,1	3,98	5839
29,201	3,985	5861
29,301	3,955	5888
29,401	3,98	5910
29,501	3,98	5926
29,601	3,98	5950
29,701	3,98	5975
29,801	3,97	5996
29,901	3,98	6012
30,001	3,985	6028
30,101	3,975	6050
30,2	3,98	6071
30,3	3,965	6096
30,401	3,985	6122
30,5	3,985	6142
30,601	3,985	6159
30,701	3,975	6181
30,801	3,98	6201
30,901	3,985	6224
31	3,98	6239
31,101	3,98	6259
31,201	3,985	6274
31,301	3,985	6302
31,401	3,985	6324
31,5	3,985	6350
31,601	3,97	6364
31,701	3,985	6383
31,8	3,975	6405
31,901	3,975	6420
32	3,975	6439
32,101	3,975	6463
32,201	3,985	6485
32,301	3,97	6505
32,401	3,985	6522
32,5	3,975	6531
32,601	3,975	6559
32,702	3,985	6577
32,801	3,98	6597
32,901	3,98	6616
33	3,98	6636
33,101	3,98	6658
33,201	3,98	6683
33,301	3,965	6713
33,401	3,975	6732
33,501	3,98	6758
33,601	3,985	6772
33,7	3,985	6791
33,801	3,975	6811
33,901	3,975	6831
34	3,985	6860
34,101	3,995	6874
34,2	3,975	6891
34,301	3,985	6913
34,401	3,98	6935
34,501	3,985	6952
34,601	3,99	6965
34,702	3,985	6980
34,801	3,975	7002
34,901	3,98	7019
35,001	3,985	7048
35,101	3,985	7064
35,2	3,985	7089
35,301	3,985	7103
35,401	3,99	7114
35,501	3,96	7131
35,601	3,965	7155
35,7	3,985	7177
35,801	3,98	7196
35,901	3,98	7211
36,001	3,975	7232
36,101	3,985	7260
36,2	3,985	7278
36,301	3,99	7299
36,4	3,985	7316
36,501	3,99	7341
36,601	3,985	7360
36,7	3,99	7378
36,801	3,99	7393
36,9	3,98	7412
37,001	3,96	7434
37,101	3,99	7450
37,2	3,985	7467
37,301	3,99	7486
37,4	3,985	7511
37,501	3,985	7542
37,601	3,99	7556
37,702	3,99	7573
37,801	3,985	7598
37,9	3,98	7620
38,001	3,97	7648
38,101	3,985	7665
38,201	3,985	7680
38,301	3,99	7700
38,4	3,985	7717
38,501	3,98	7736
38,601	3,975	7760
38,7	3,985	7786
38,801	3,99	7802
38,9	3,985	7822
39,001	3,99	7839
39,101	3,98	7862
39,2	3,98	7881
39,301	3,965	7905
39,4	3,985	7922
39,501	3,99	7943
39,6	3,985	7958
39,7	3,985	7972
39,801	3,985	7991
39,9	3,96	8008
40,001	3,99	8029
40,1	3,99	8055
40,201	3,99	8073
40,301	3,975	8096
40,4	3,965	8111
40,501	3,99	8125
40,6	3,985	8146
40,7	3,98	8165
40,801	3,985	8190
40,9	3,975	8213
41,001	3,975	8235
41,1	3,995	8261
41,201	3,985	8284
41,301	3,985	8306
41,401	3,97	8330
41,501	3,99	8353
41,6	3,98	8371
41,701	3,975	8384
41,801	3,98	8399
41,9	3,975	8411
42,001	3,99	8439
42,1	3,99	8459
42,201	3,97	8479
42,301	3,985	8499
42,4	3,98	8511
42,501	3,985	8532
42,6	3,985	8548
42,701	3,985	8566
42,8	3,965	8581
42,9	3,99	8604
43,001	3,985	8619
43,1	3,965	8635
43,201	3,97	8656
43,3	3,985	8676
43,401	3,99	8700
43,501	3,985	8723
43,6	3,99	8736
43,701	3,99	8751
43,8	3,99	8765
43,9	3,99	8780
44,001	3,99	8806
44,1	3,985	8821
44,201	3,965	8846
44,3	3,975	8873
44,401	3,99	8897
44,501	3,98	8921
44,6	3,99	8936
44,701	3,98	8960
44,8	3,99	8978
44,901	3,98	8997
45,001	3,985	9021
45,1	3,99	9040
45,201	3,99	9065
45,3	3,97	9086
45,401	3,98	9113
45,501	3,985	9132
45,6	3,98	9157
45,701	3,98	9181
45,8	3,99	9202
45,901	3,99	9223
46	3,975	9237
46,1	3,985	9259
46,201	3,99	9278
46,3	3,985	9299
46,401	3,985	9314
46,5	3,98	9333
46,6	3,985	9357
46,701	3,975	9383
46,8	3,985	9399
46,901	3,985	9416
47	3,985	9439
47,1	3,98	9462
47,201	3,98	9483
47,3	3,98	9499
47,401	3,975	9515
47,5	3,99	9533
47,601	3,975	9550
47,701	3,99	9578
47,8	3,985	9598
47,901	3,99	9610
48	3,99	9627
48,1	3,975	9652
48,201	3,965	9670
48,3	3,98	9699
48,401	3,985	9719
48,5	3,975	9738
48,6	3,98	9754
48,701	3,98	9766
48,8	3,98	9793
48,901	3,98	9819
49	3,975	9834
49,1	3,98	9853
49,2	3,98	9879
49,3	3,985	9898
49,401	3,98	9915
49,5	3,985	9942
49,6	3,98	9958
49,7	3,965	9980
49,8	3,985	9996
49,901	3,99	10018
50	3,985	10036
50,101	3,98	10054
50,2	3,98	10075
50,3	3,985	10100
50,401	3,965	10121
50,5	3,975	10139
50,601	3,98	10156
50,7	3,98	10182
50,8	3,97	10207
50,901	3,985	10231
51	3,975	10256
51,101	3,985	10285
51,2	3,97	10302
51,3	3,975	10322
51,401	3,985	10339
51,5	3,985	10354
51,601	3,99	10372
51,701	3,985	10391
51,8	3,97	10408
51,901	3,985	10427
52	3,985	10443
52,102	3,995	10456
52,201	3,99	10475
52,3	3,98	10496
52,4	3,99	10518
52,5	3,985	10535
52,601	3,985	10551
52,7	3,985	10568
52,8	3,98	10587
52,9	3,98	10610
53	3,98	10628
53,101	3,98	10642
53,2	3,99	10662
53,301	3,98	10678
53,4	3,98	10704
53,5	3,975	10723
53,601	3,975	10746
53,7	3,98	10770
53,8	3,975	10793
53,9	3,965	10821
54	3,98	10845
54,101	3,985	10869
54,2	3,97	10899
54,3	3,985	10919
54,4	3,955	10936
54,5	3,985	10963
54,601	3,985	10979
54,701	3,98	11002
54,8	3,98	11025
54,9	3,985	11042
55	3,975	11062
55,101	3,98	11080
55,2	3,985	11099
55,301	3,985	11122
55,4	3,99	11144
55,5	3,985	11164
55,6	3,985	11186
55,7	3,985	11204
55,8	3,98	11224
55,9	3,99	11248
56	3,995	11264
56,1	3,975	11280
56,2	3,975	11304
56,301	3,98	11331
56,4	3,99	11343
56,5	3,985	11369
56,6	3,975	11393
56,7	3,985	11415
56,801	3,985	11437
56,9	3,985	11452
57	3,98	11470
57,1	3,985	11494
57,2	3,985	11512
57,301	3,97	11527
57,4	3,985	11540
57,5	3,985	11564
57,6	3,98	11581
57,7	3,98	11603
57,801	3,97	11620
57,9	3,98	11641
58	3,98	11659
58,1	3,97	11679
58,2	3,975	11699
58,301	3,99	11721
58,401	3,98	11743
58,5	3,98	11766
58,6	3,98	11789
58,7	3,98	11805
58,8	3,975	11825
58,9	3,985	11841
59	3,985	11863
59,1	3,975	11878
59,2	3,98	11901
59,3	3,965	11921
59,4	3,955	11944
59,5	3,985	11959
59,6	3,985	11983
59,7	3,98	11998
59,8	3,975	12015
59,9	3,98	12036
60,001	3,975	12050
60,1	3,975	12072
60,2	3,98	12091
60,3	3,985	12105
60,4	3,975	12125
60,501	3,98	12148
60,6	3,985	12173
60,7	3,985	12190
60,8	3,985	12210
60,9	3,975	12224
61,001	3,985	12245
61,1	3,98	12261
61,2	3,98	12280
61,3	3,985	12297
61,4	3,985	12321
61,5	3,98	12334
61,6	3,975	12356
61,702	3,975	12376
61,801	3,985	12399
61,9	3,975	12418
62	3,98	12442
62,1	3,98	12457
62,2	3,98	12478
62,3	3,98	12490
62,4	3,975	12507
62,5	3,98	12526
62,6	3,97	12542
62,7	3,985	12563
62,8	3,985	12588
62,9	3,975	12601
63	3,975	12624
63,1	3,985	12646
63,2	3,98	12664
63,3	3,98	12677
63,4	3,985	12689
63,5	3,98	12709
63,601	3,97	12728
63,7	3,985	12755
63,8	3,99	12765
63,9	3,975	12780
64	3,98	12810
64,1	3,975	12831
64,201	3,975	12859
64,3	3,955	12878
64,4	3,98	12898
64,5	3,965	12925
64,6	3,98	12944
64,7	3,955	12959
64,8	3,98	12983
64,9	3,98	13008
65	3,98	13023
65,1	3,985	13034
65,2	3,98	13060
65,3	3,98	13077
65,4	3,98	13095
65,5	3,985	13116
65,6	3,985	13140
65,699	3,98	13153
65,8	3,98	13175
65,901	3,975	13205
66	3,98	13227
66,1	3,975	13240
66,2	3,985	13263
66,3	3,98	13285
66,4	3,985	13304
66,5	3,98	13327
66,6	3,975	13338
66,7	3,98	13356
66,801	3,98	13381
66,901	3,98	13405
67,001	3,975	13423
67,1	3,975	13443
67,201	3,985	13465
67,3	3,98	13480
67,4	3,98	13497
67,501	3,975	13517
67,6	3,98	13535
67,7	3,985	13552
67,8	3,985	13575
67,9	3,99	13598
68,001	3,96	13625
68,101	3,985	13646
68,201	3,98	13665
68,301	3,985	13680
68,4	3,98	13695
68,501	3,985	13707
68,601	3,98	13718
68,701	3,985	13743
68,803	3,98	13775
68,9	3,985	13805
69	3,985	13828
69,101	3,98	13850
69,201	3,98	13868
69,301	3,98	13881
69,4	3,98	13904
69,501	3,975	13927
69,601	3,98	13955
69,701	3,98	13980
69,801	3,975	14001
69,901	3,98	14024
70,001	3,98	14039
70,101	3,975	14054
70,201	3,98	14071
70,301	3,965	14097
70,401	3,98	14120
70,501	3,985	14136
70,601	3,98	14154
70,701	3,98	14170
70,801	3,98	14191
70,9	3,985	14209
71,001	3,985	14234
71,1	3,98	14252
71,201	3,98	14275
71,301	3,975	14304
71,401	3,975	14322
71,501	3,98	14349
71,6	3,98	14370
71,701	3,98	14388
71,801	3,98	14411
71,901	3,98	14434
72,001	3,975	14451
72,102	3,98	14468
72,203	3,98	14492
72,301	3,98	14513
72,4	3,98	14535
72,501	3,98	14550
72,6	3,98	14577
72,701	3,985	14594
72,801	3,975	14607
72,901	3,985	14638
73,001	3,98	14647
73,1	3,98	14674
73,201	3,985	14698
73,301	3,98	14718
73,401	3,99	14738
73,501	3,985	14755
73,6	3,975	14771
73,701	3,98	14791
73,801	3,98	14808
73,901	3,975	14827
74,001	3,99	14846
74,1	3,97	14866
74,201	3,99	14887
74,3	3,985	14907
74,401	3,98	14919
74,501	3,975	14939
74,6	3,985	14956
74,701	3,985	14965
74,8	3,98	14987
74,901	3,98	15014
75,001	3,975	15037
75,1	3,98	15055
75,201	3,985	15074
75,3	3,975	15086
75,401	3,98	15106
75,501	3,98	15123
75,6	3,98	15146
75,701	3,985	15163
75,8	3,99	15185
75,901	3,955	15205
76,001	3,975	15231
76,101	3,98	15253
76,201	3,975	15271
76,3	3,985	15288
76,401	3,985	15303
76,501	3,97	15322
76,601	3,985	15342
76,701	3,985	15357
76,8	3,97	15375
76,901	3,985	15395
77,001	3,985	15416
77,1	3,965	15431
77,201	3,985	15457
77,3	3,985	15475
77,401	3,965	15499
77,5	3,98	15526
77,601	3,985	15547
77,701	3,985	15567
77,8	3,985	15590
77,901	3,955	15609
78	3,975	15634
78,101	3,985	15652
78,201	3,975	15672
78,301	3,985	15697
78,401	3,98	15715
78,5	3,985	15739
78,601	3,985	15755
78,701	3,98	15769
78,8	3,985	15790
78,901	3,98	15810
79	3,99	15836
79,101	3,985	15851
79,201	3,985	15868
79,3	3,96	15886
79,401	3,985	15909
79,5	3,98	15924
79,601	3,985	15943
79,701	3,98	15960
79,8	3,98	15983
79,901	3,98	15995
80,002	3,965	16017
80,101	3,985	16039
80,201	3,98	16064
80,301	3,975	16078
80,401	3,98	16094
80,5	3,98	16116
80,601	3,97	16133
80,7	3,985	16156
80,8	3,965	16175
80,901	3,975	16197
81	3,98	16217
81,101	3,97	16237
81,2	3,98	16260
81,301	3,985	16288
81,401	3,98	16314
81,5	3,98	16336
81,601	3,975	16357
81,7	3,975	16381
81,801	3,99	16400
81,901	3,985	16422
82	3,975	16441
82,101	3,98	16466
82,2	3,985	16490
82,301	3,985	16507
82,401	3,975	16521
82,5	3,985	16545
82,601	3,97	16559
82,7	3,98	16576
82,801	3,975	16602
82,901	3,985	16620
83	3,985	16639
83,101	3,975	16657
83,2	3,975	16675
83,301	3,985	16695
83,401	3,975	16717
83,5	3,985	16735
83,601	3,985	16749
83,7	3,985	16767
83,801	3,98	16785
83,9	3,975	16810
84,001	3,98	16833
84,101	3,98	16856
84,2	3,985	16876
84,301	3,98	16890
84,4	3,985	16907
84,5	3,98	16925
84,601	3,975	16942
84,7	3,98	16972
84,801	3,98	16991
84,9	3,955	17011
85,001	3,985	17039
85,101	3,98	17054
85,2	3,98	17063
85,301	3,98	17087
85,4	3,98	17104
85,5	3,98	17118
85,601	3,985	17130
85,7	3,975	17151
85,801	3,98	17170
85,9	3,975	17192
86	3,98	17217
86,101	3,975	17233
86,2	3,975	17252
86,301	3,975	17276
86,4	3,98	17293
86,5	3,985	17310
86,6	3,98	17329
86,702	3,985	17351
86,801	3,98	17368
86,9	3,96	17383
87,001	3,98	17408
87,1	3,985	17418
87,2	3,975	17432
87,301	3,98	17447
87,4	3,97	17465
87,501	3,99	17477
87,6	3,985	17488
87,7	3,98	17509
87,801	3,98	17528
87,9	3,965	17549
88,001	3,975	17576
88,1	3,98	17597
88,2	3,98	17617
88,301	3,98	17628
88,4	3,97	17649
88,501	3,98	17672
88,6	3,98	17690
88,7	3,975	17713
88,801	3,98	17733
88,9	3,975	17751
89,001	3,975	17777
89,1	3,98	17805
89,2	3,985	17821
89,301	3,975	17844
89,4	3,98	17865
89,501	3,985	17881
89,6	3,975	17902
89,7	3,97	17916
89,801	3,98	17938
89,9	3,97	17961
90,001	3,975	17984
90,1	3,96	18013
90,2	3,98	18034
90,3	3,98	18056
90,4	3,98	18083
90,501	3,98	18108
90,6	3,985	18126
90,7	3,99	18143
90,8	3,97	18161
90,9	3,98	18188
91,002	3,985	18214
91,1	3,975	18234
91,2	3,98	18250
91,3	3,985	18275
91,4	3,975	18296
91,501	3,975	18308
91,6	3,98	18328
91,7	3,98	18344
91,8	3,985	18360
91,9	3,985	18381
92,001	3,98	18398
92,1	3,98	18414
92,2	3,98	18428
92,3	3,965	18442
92,4	3,975	18459
92,501	3,985	18473
92,601	3,985	18492
92,701	3,985	18512
92,8	3,985	18531
92,9	3,985	18547
93	3,975	18572
93,1	3,98	18593
93,201	3,98	18617
93,3	3,985	18634
93,4	3,985	18655
93,5	3,98	18666
93,6	3,98	18681
93,7	3,98	18701
93,8	3,985	18715
93,9	3,98	18733
94	3,975	18760
94,1	3,985	18788
94,201	3,975	18805
94,3	3,97	18821
94,4	3,985	18852
94,5	3,985	18872
94,6	3,975	18890
94,701	3,98	18908
94,8	3,97	18938
94,9	3,98	18964
95	3,975	18986
95,1	3,98	19003
95,201	3,96	19026
95,3	3,985	19048
95,4	3,98	19063
95,5	3,985	19076
95,6	3,975	19099
95,701	3,98	19125
95,8	3,985	19147
95,9	3,98	19166
96	3,98	19185
96,1	3,97	19204
96,2	3,975	19221
96,3	3,98	19246
96,401	3,975	19260
96,5	3,985	19277
96,6	3,965	19300
96,7	3,985	19324
96,8	3,985	19343
96,9	3,985	19361
97	3,98	19371
97,1	3,99	19391
97,2	3,99	19414
97,299	3,985	19430
97,4	3,98	19452
97,5	3,98	19475
97,6	3,985	19493
97,701	3,98	19516
97,8	3,975	19531
97,9	3,98	19550
98	3,985	19568
98,1	3,98	19579
98,2	3,985	19601
98,3	3,985	19612
98,4	3,98	19633
98,5	3,975	19651
98,6	3,98	19674
98,7	3,98	19692
98,8	3,985	19711
98,901	3,975	19730
99	3,97	19751
99,1	3,99	19777
99,2	3,98	19801
99,3	3,975	19824
99,4	3,99	19842
99,5	3,985	19858
99,601	3,98	19883
99,7	3,98	19893
99,8	3,98	19916
99,9	3,985	19939
100	3,975	19958
100,101	3,975	19989
100,2	3,985	19998
100,3	3,98	20021
100,4	3,98	20043
100,5	3,98	20060
100,6	3,985	20071
100,7	3,975	20100
100,8	3,98	20120
100,9	3,98	20137
101	3,985	20156
101,1	3,98	20174
101,2	3,98	20191
101,3	4,035	20218
101,4	3,98	20235
101,5	3,965	20257
101,6	3,975	20275
101,701	3,975	20294
101,8	3,98	20317
101,9	3,985	20332
102	3,98	20353
102,1	3,975	20379
102,2	3,98	20398
102,3	3,985	20408
102,402	3,98	20439
102,5	3,985	20456
102,6	3,98	20476
102,7	3,97	20504
102,8	3,98	20523
102,9	3,975	20548
103	3,98	20567
103,099	3,97	20591
103,2	3,975	20611
103,3	3,975	20637
103,4	3,98	20660
103,5	3,975	20688
103,6	3,98	20708
103,7	3,975	20734
103,8	3,975	20749
103,9	3,98	20772
104	3,98	20784
104,101	3,985	20800
104,2	3,985	20822
104,3	3,96	20833
104,4	3,98	20854
104,5	3,97	20887
104,6	3,975	20902
104,7	3,98	20930
104,8	3,975	20948
104,9	3,98	20968
105	3,975	20990
105,1	3,98	21010
105,2	4	21030
105,3	3,985	21048
105,4	3,985	21064
105,501	3,985	21084
105,601	3,985	21104
105,701	3,98	21119
105,8	3,985	21135
105,9	3,98	21157
106	3,97	21190
106,1	3,98	21209
106,201	3,98	21228
106,3	3,96	21246
106,4	3,98	21263
106,5	3,975	21287
106,601	3,975	21312
106,701	3,985	21332
106,799	3,98	21350
106,901	3,975	21366
107,001	3,975	21393
107,101	3,98	21411
107,201	3,985	21431
107,3	3,99	21444
107,401	3,98	21459
107,501	3,985	21481
107,603	3,98	21506
107,7	3,98	21529
107,8	3,98	21545
107,901	3,97	21564
108,001	3,985	21582
108,101	3,985	21603
108,201	3,985	21621
108,3	3,98	21641
108,403	3,985	21656
108,501	3,985	21677
108,601	3,98	21693
108,701	3,98	21710
108,8	3,975	21726
108,901	3,99	21743
109	3,985	21759
109,101	3,99	21773
109,201	3,985	21791
109,301	3,98	21807
109,401	3,985	21837
109,5	3,97	21856
109,601	3,985	21879
109,701	3,985	21899
109,8	3,975	21917
109,9	3,985	21944
110	3,985	21961
110,101	3,975	21976
110,201	3,985	21995
110,301	3,98	22018
110,401	3,985	22029
110,5	3,985	22046
110,602	3,985	22061
110,701	3,985	22077
110,801	3,985	22096
110,901	3,985	22112
111	3,985	22126
111,101	3,975	22148
111,201	3,985	22165
111,301	3,98	22185
111,401	3,975	22204
111,5	3,98	22222
111,601	3,98	22243
111,701	3,98	22259
111,801	3,98	22286
111,901	3,98	22307
112	3,975	22317
112,101	3,98	22335
112,2	3,975	22350
112,301	3,98	22371
112,401	3,985	22386
112,5	3,985	22404
112,601	3,98	22426
112,7	3,98	22445
112,801	3,985	22462
112,901	3,98	22485
113,001	3,955	22502
113,101	3,98	22525
113,2	3,97	22541
113,301	3,975	22560
113,401	3,955	22582
113,501	3,99	22600
113,601	3,975	22616
113,7	3,98	22633
113,801	3,985	22651
113,901	3,985	22675
114,001	3,98	22690
114,101	3,98	22707
114,2	3,985	22720
114,301	3,985	22740
114,401	3,975	22756
114,5	3,975	22781
114,601	3,975	22805
114,7	3,985	22825
114,801	3,985	22843
114,901	3,995	22865
115,001	3,985	22884
115,101	3,97	22908
115,2	3,985	22927
115,301	3,97	22944
115,4	3,98	22971
115,501	3,98	22995
115,601	3,985	23017
115,7	3,975	23039
115,801	3,975	23068
115,901	3,985	23089
116,001	3,985	23103
116,101	3,975	23123
116,2	3,98	23141
116,301	3,98	23158
116,4	3,975	23183
116,501	3,985	23204
116,601	3,97	23224
116,7	3,985	23244
116,801	3,98	23268
116,9	3,98	23285
117,001	3,985	23297
117,101	3,975	23319
117,2	3,95	23340
117,301	3,98	23366
117,4	3,975	23383
117,501	3,98	23408
117,601	3,985	23428
117,703	3,98	23450
117,802	3,985	23469
117,902	3,98	23486
118,002	3,98	23501
118,1	3,99	23523
118,201	3,985	23543
118,301	3,975	23556
118,4	3,99	23570
118,501	3,99	23587
118,6	3,965	23604
118,7	3,98	23620
118,801	3,98	23645
118,9	3,985	23657
119,001	3,985	23676
119,1	3,98	23692
119,201	3,975	23709
119,301	3,99	23731
119,4	3,98	23744
119,501	3,985	23764
119,6	3,98	23784
119,701	3,985	23810
119,802	3,985	23838
119,902	3,975	23863
MIN=0	-10	0
MAX=120	10	1000
SCALE=120	5	5
DEC=1	2	0
DEF="Zeit" t / s	"Spannung" U_B1 / V	"Ereignisse" N_A1
0	3,99	0
0,101	3,985	12
0,199	3,99	20
0,301	3,98	38
0,401	3,98	45
0,5	3,985	60
0,601	3,985	70
0,7	3,985	84
0,801	3,975	99
0,9	3,955	114
1,001	3,975	130
1,101	3,98	147
1,2	3,985	158
1,301	3,98	176
1,4	3,98	193
1,501	3,985	204
1,601	3,985	221
1,7	3,985	238
1,801	3,985	252
1,9	3,975	268
2	3,985	282
2,101	3,985	292
2,2	3,985	302
2,301	3,98	313
2,4	3,98	326
2,501	3,985	336
2,601	3,985	348
2,7	3,98	365
2,801	3,99	378
2,9	3,985	393
3,001	3,975	406
3,101	3,985	421
3,2	3,985	434
3,301	3,985	441
3,4	3,98	452
3,501	3,985	461
3,601	3,99	477
3,7	3,975	490
3,801	3,99	510
3,9	3,985	522
4	3,965	537
4,1	3,985	549
4,201	3,985	556
4,301	3,99	565
4,4	3,98	580
4,501	3,98	599
4,6	3,98	614
4,7	3,98	631
4,801	3,98	646
4,9	3,985	653
5,001	3,98	667
5,1	3,985	681
5,201	3,985	693
5,301	3,99	702
5,401	3,975	714
5,5	3,99	727
5,6	3,99	736
5,7	3,98	750
5,801	3,975	766
5,9	3,98	780
6,001	3,99	791
6,1	3,985	810
6,201	3,985	822
6,301	3,99	839
6,4	3,99	849
6,501	3,985	857
6,6	3,985	870
6,7	3,985	884
6,801	3,985	898
6,9	3,99	910
7,001	3,985	917
7,1	3,98	940
7,201	3,985	952
7,3	3,98	968
7,4	3,98	981
7,501	3,985	994
7,6	3,995	1001
7,701	3,985	1015
7,8	3,985	1024
7,9	3,99	1034
8,001	3,98	1050
8,1	3,985	1063
8,201	3,985	1071
8,3	3,98	1081
8,4	3,985	1089
8,501	3,985	1105
8,6	3,99	1119
8,701	3,985	1128
8,8	3,98	1144
8,9	3,99	1162
9,001	3,98	1170
9,1	3,985	1184
9,201	3,99	1202
9,3	3,985	1216
9,4	3,985	1228
9,501	3,995	1245
9,6	3,99	1266
9,701	3,985	1274
9,8	3,975	1291
9,901	3,98	1310
10,001	3,975	1321
10,1	3,99	1337
10,201	3,975	1351
10,301	3,98	1367
10,401	3,985	1381
10,5	3,985	1389
10,6	3,995	1403
10,701	3,985	1414
10,8	3,98	1431
10,901	3,985	1446
11	3,99	1464
11,1	3,995	1473
11,201	3,985	1487
11,3	3,985	1502
11,401	3,985	1518
11,5	3,995	1526
11,6	3,985	1533
11,701	3,99	1542
11,8	3,99	1546
11,9	3,985	1555
12	3,985	1572
12,1	3,985	1583
12,201	3,99	1602
12,3	3,97	1616
12,401	3,985	1635
12,501	3,985	1651
12,6	3,99	1668
12,701	3,985	1679
12,8	3,975	1693
12,901	3,985	1705
13	3,985	1714
13,1	3,99	1734
13,201	3,98	1748
13,3	3,99	1760
13,401	3,99	1777
13,5	3,985	1786
13,6	3,98	1800
13,7	3,99	1814
13,8	3,99	1825
13,901	3,985	1841
14	3,985	1853
14,1	3,985	1869
14,2	3,98	1886
14,3	3,98	1902
14,401	3,98	1921
14,5	3,985	1933
14,6	3,985	1944
14,7	3,99	1958
14,8	3,98	1971
14,901	3,985	1983
15	3,975	1990
15,101	3,98	2013
15,2	3,985	2034
15,3	3,985	2045
15,401	3,99	2059
15,5	3,985	2071
15,602	3,985	2083
15,7	3,99	2097
15,8	3,985	2108
15,901	3,985	2127
16	3,98	2137
16,1	3,975	2147
16,2	3,985	2163
16,3	3,985	2183
16,401	3,97	2195
16,5	3,985	2209
16,601	3,985	2223
16,7	3,99	2238
16,8	3,985	2248
16,9	3,985	2260
17	3,985	2277
17,1	3,99	2290
17,2	3,985	2308
17,3	3,995	2318
17,4	3,975	2328
17,5	3,985	2340
17,601	3,965	2356
17,7	3,975	2371
17,8	3,98	2385
17,9	3,985	2399
18	3,99	2410
18,101	3,985	2422
18,2	3,985	2434
18,3	3,995	2446
18,4	3,985	2458
18,5	3,985	2470
18,601	3,985	2480
18,7	3,97	2488
18,8	3,985	2502
18,9	3,985	2514
19	3,99	2527
19,101	3,98	2541
19,2	3,985	2551
19,3	3,99	2569
19,4	3,98	2580
19,5	3,985	2595
19,601	3,985	2602
19,7	3,99	2612
19,8	3,985	2630
19,9	3,985	2642
20	3,985	2655
20,1	3,98	2666
20,2	3,99	2681
20,3	3,975	2703
20,4	3,985	2720
20,5	3,985	2729
20,6	3,985	2744
20,7	3,995	2757
20,8	3,995	2768
20,901	3,975	2777
21	3,98	2795
21,1	3,985	2810
21,2	3,995	2826
21,3	3,98	2838
21,4	3,99	2854
21,5	3,99	2865
21,6	3,98	2882
21,7	3,985	2890
21,801	3,98	2902
21,9	3,98	2918
22	3,985	2932
22,1	3,98	2943
22,2	3,985	2954
22,301	3,975	2967
22,4	3,98	2983
22,5	3,99	2999
22,6	3,99	3007
22,7	3,985	3018
22,8	3,98	3033
22,901	3,985	3048
23	3,985	3070
23,1	3,99	3076
23,2	3,99	3085
23,299	3,985	3096
23,4	3,985	3109
23,5	3,985	3119
23,6	3,98	3129
23,7	3,985	3142
23,8	3,99	3157
23,9	3,985	3175
24,001	3,99	3185
24,1	3,985	3198
24,2	3,985	3211
24,3	3,985	3229
24,4	3,985	3238
24,5	3,98	3248
24,6	3,98	3264
24,7	3,975	3278
24,8	3,98	3290
24,9	3,985	3305
25	3,985	3318
25,1	3,98	3330
25,2	3,985	3340
25,3	3,98	3355
25,4	3,99	3364
25,5	3,975	3378
25,6	3,98	3398
25,7	3,975	3409
25,8	3,985	3425
25,9	3,985	3442
26	3,98	3455
26,1	3,98	3467
26,201	3,98	3476
26,3	3,985	3498
26,4	3,985	3507
26,499	3,97	3526
26,6	3,98	3547
26,7	3,985	3561
26,8	3,98	3576
26,9	3,985	3589
26,999	3,96	3600
27,1	3,98	3619
27,2	3,985	3630
27,3	3,98	3643
27,4	3,985	3660
27,499	3,985	3676
27,601	3,985	3689
27,701	3,985	3704
27,801	3,975	3710
27,9	3,985	3722
28	3,985	3732
28,101	3,985	3744
28,201	3,975	3756
28,301	3,975	3764
28,401	3,975	3778
28,501	3,98	3791
28,6	3,985	3811
28,701	3,99	3823
28,801	3,975	3836
28,901	3,985	3852
29,001	3,98	3870
29,101	3,995	3884
29,2	3,985	3900
29,301	3,98	3916
29,401	3,98	3932
29,501	3,985	3942
29,601	3,98	3955
29,7	3,98	3970
29,801	3,985	3979
29,901	3,98	3999
30	3,975	4014
30,101	3,985	4027
30,2	3,975	4048
30,301	3,985	4065
30,401	3,98	4079
30,501	3,985	4091
30,601	3,98	4104
30,7	3,985	4114
30,801	3,975	4127
30,901	3,975	4141
31,001	3,98	4155
31,101	3,965	4166
31,201	3,985	4177
31,301	3,985	4188
31,401	3,98	4200
31,503	3,985	4217
31,601	3,98	4235
31,7	3,985	4252
31,801	3,985	4266
31,901	3,98	4285
32,001	3,985	4300
32,101	3,965	4313
32,201	3,98	4324
32,301	3,98	4335
32,4	3,985	4347
32,501	3,965	4362
32,601	3,985	4373
32,701	3,98	4391
32,801	3,97	4400
32,9	3,975	4419
33,001	3,98	4436
33,101	3,98	4448
33,201	3,985	4465
33,301	3,985	4478
33,4	3,985	4490
33,501	3,975	4502
33,601	3,985	4516
33,701	3,985	4533
33,801	3,98	4549
33,9	3,985	4564
34,001	3,975	4576
34,101	3,985	4596
34,201	3,985	4607
34,301	3,975	4622
34,4	3,985	4631
34,501	4	4646
34,601	3,98	4657
34,701	3,985	4667
34,801	3,98	4680
34,9	3,985	4692
35,001	3,98	4707
35,101	3,98	4720
35,201	3,975	4735
35,301	3,98	4752
35,4	3,985	4758
35,501	3,985	4769
35,6	3,98	4782
35,701	3,98	4802
35,801	3,985	4822
35,9	3,975	4835
36,001	3,985	4849
36,1	3,985	4861
36,201	3,985	4878
36,301	3,985	4898
36,4	3,985	4915
36,501	3,98	4926
36,6	3,98	4945
36,7	3,985	4956
36,801	3,985	4967
36,9	3,98	4977
37,001	3,985	4992
37,1	3,985	4998
37,201	3,975	5014
37,301	3,98	5029
37,401	3,98	5045
37,501	3,98	5052
37,6	3,98	5068
37,701	3,985	5083
37,801	3,985	5102
37,9	3,98	5114
38,001	3,985	5129
38,1	3,985	5143
38,201	3,97	5153
38,301	3,975	5167
38,401	3,985	5184
38,501	3,975	5199
38,6	3,98	5216
38,701	3,985	5227
38,8	3,985	5241
38,901	3,98	5256
39,001	3,985	5271
39,1	3,98	5282
39,2	3,975	5295
39,3	3,98	5314
39,401	3,985	5330
39,501	3,985	5343
39,6	3,98	5352
39,701	3,985	5366
39,8	3,985	5378
39,901	3,985	5391
40,001	3,985	5409
40,1	3,965	5424
40,201	3,975	5439
40,3	3,985	5460
40,401	3,985	5473
40,501	3,98	5488
40,6	3,985	5503
40,701	3,985	5517
40,8	3,98	5523
40,901	3,98	5534
41,001	3,99	5546
41,1	3,985	5557
41,201	3,97	5565
41,301	3,985	5583
41,401	3,985	5595
41,501	3,98	5605
41,6	3,98	5626
41,701	3,96	5637
41,8	3,985	5654
41,901	3,985	5673
42	3,985	5690
42,1	3,98	5706
42,201	3,98	5721
42,3	3,985	5733
42,401	3,985	5746
42,5	3,98	5756
42,601	3,98	5771
42,701	3,985	5788
42,8	3,995	5804
42,901	3,98	5821
43	3,98	5837
43,1	3,98	5851
43,201	3,985	5859
43,3	3,985	5874
43,401	3,98	5888
43,5	3,96	5899
43,601	3,98	5918
43,701	3,98	5927
43,8	3,985	5946
43,901	3,98	5962
44	3,985	5975
44,101	3,985	5984
44,201	3,985	5991
44,3	3,98	6002
44,4	3,985	6014
44,5	3,985	6030
44,601	3,985	6042
44,701	3,975	6062
44,8	3,985	6078
44,901	3,975	6098
45	3,985	6110
45,101	3,985	6122
45,2	3,98	6138
45,3	3,985	6154
45,401	3,985	6168
45,5	3,985	6182
45,601	3,985	6198
45,7	3,98	6212
45,8	3,985	6228
45,901	3,985	6240
46	3,985	6255
46,101	3,98	6266
46,2	3,99	6277
46,3	3,99	6289
46,401	3,98	6302
46,5	3,985	6309
46,601	3,985	6322
46,7	3,985	6336
46,8	3,98	6346
46,901	3,99	6358
47	3,985	6373
47,101	3,98	6384
47,2	3,98	6394
47,3	3,99	6411
47,401	3,99	6427
47,5	3,99	6439
47,601	3,985	6448
47,7	3,99	6460
47,8	3,985	6480
47,9	3,965	6493
48	3,99	6508
48,101	3,985	6529
48,2	3,98	6538
48,301	3,99	6557
48,4	3,995	6571
48,5	3,99	6582
48,601	3,995	6599
48,7	3,99	6607
48,801	3,975	6622
48,9	3,99	6642
49	3,985	6656
49,101	3,98	6665
49,2	3,98	6681
49,301	3,985	6697
49,4	3,985	6711
49,5	3,98	6725
49,6	3,99	6743
49,7	3,98	6764
49,801	3,98	6783
49,9	3,99	6799
50	3,99	6817
50,101	3,99	6828
50,2	3,985	6839
50,301	3,985	6859
50,4	3,99	6870
50,5	3,98	6885
50,601	3,99	6895
50,7	3,98	6908
50,801	3,975	6920
50,9	3,985	6943
51	3,985	6954
51,1	3,99	6968
51,2	3,985	6983
51,301	3,98	6996
51,4	3,985	7010
51,5	3,965	7024
51,6	3,985	7043
51,7	3,98	7056
51,801	3,985	7066
51,9	3,99	7074
52,001	3,98	7083
52,1	3,98	7097
52,2	3,985	7115
52,301	3,98	7132
52,4	3,985	7143
52,501	3,985	7156
52,6	3,995	7171
52,7	3,985	7190
52,801	3,995	7199
52,9	3,985	7210
53,001	3,985	7224
53,1	3,99	7234
53,2	3,98	7253
53,301	3,98	7273
53,4	3,975	7290
53,501	3,985	7305
53,6	3,98	7317
53,7	3,985	7333
53,801	3,985	7345
53,9	3,99	7358
54,001	3,985	7378
54,1	3,985	7389
54,2	3,99	7406
54,3	3,98	7422
54,4	3,985	7435
54,501	3,985	7447
54,6	3,995	7454
54,7	3,99	7469
54,8	3,985	7479
54,9	3,99	7495
55,001	3,985	7504
55,1	3,99	7518
55,2	3,99	7530
55,3	3,99	7539
55,4	3,985	7556
55,501	3,985	7565
55,6	3,985	7577
55,7	3,985	7594
55,8	3,97	7610
55,9	3,99	7632
56,001	3,985	7652
56,1	3,985	7666
56,2	3,99	7675
56,3	3,98	7689
56,4	3,98	7704
56,501	3,99	7718
56,6	3,99	7732
56,7	3,985	7749
56,8	3,98	7770
56,9	3,985	7789
57,001	3,985	7799
57,1	3,995	7817
57,2	3,99	7826
57,3	3,985	7836
57,4	3,985	7852
57,5	3,965	7860
57,6	3,985	7873
57,7	3,99	7889
57,8	3,99	7899
57,9	3,98	7912
58	3,99	7960
58,253	3,975	7964
58,267	3,98	7968
58,3	3,975	7976
58,4	3,98	7988
58,5	3,985	8002
58,6	3,99	8009
58,701	3,985	8024
58,8	3,99	8033
58,9	3,985	8072
59,111	3,99	8073
59,125	3,985	8073
59,2	3,98	8084
59,3	3,985	8099
59,4	3,985	8110
59,5	3,985	8126
59,6	3,99	8143
59,701	3,995	8157
59,801	3,99	8176
59,9	3,99	8191
60	3,985	8209
60,1	3,985	8227
60,2	3,985	8237
60,3	3,995	8252
60,4	3,985	8264
60,5	3,995	8277
60,6	3,985	8295
60,7	3,98	8311
60,802	3,985	8326
60,9	3,99	8338
61	3,98	8355
61,1	3,985	8368
61,2	3,99	8374
61,3	3,985	8385
61,4	3,985	8401
61,5	3,99	8419
61,6	3,995	8427
61,7	3,97	8443
61,8	3,99	8456
61,9	3,995	8467
62	3,99	8479
62,1	3,985	8492
62,2	3,985	8508
62,3	3,99	8530
62,4	3,995	8547
62,5	3,995	8554
62,6	3,99	8562
62,7	3,99	8576
62,8	3,985	8590
62,9	3,98	8607
63	3,99	8628
63,1	3,99	8640
63,2	3,99	8655
63,301	3,985	8668
63,4	3,99	8679
63,5	3,985	8692
63,6	3,98	8706
63,7	3,985	8722
63,8	3,99	8737
63,9	3,99	8743
64	3,995	8759
64,1	3,99	8771
64,2	3,97	8777
64,3	3,99	8790
64,4	3,985	8802
64,5	3,985	8815
64,6	3,995	8830
64,7	3,98	8844
64,8	3,98	8856
64,9	3,98	8879
65	3,99	8900
65,1	3,99	8908
65,2	3,99	8921
65,301	3,99	8938
65,4	3,99	8952
65,501	3,985	8964
65,6	3,985	8973
65,701	3,98	8984
65,8	3,99	9002
65,9	3,985	9021
66	3,995	9034
66,1	3,995	9048
66,201	3,99	9063
66,3	3,99	9075
66,4	3,965	9082
66,5	3,99	9096
66,601	3,985	9109
66,7	3,99	9120
66,8	3,985	9137
66,9	3,985	9152
67,001	3,985	9160
67,1	3,975	9180
67,2	3,985	9193
67,301	3,98	9203
67,4	3,985	9219
67,501	3,99	9231
67,602	3,985	9246
67,701	3,99	9262
67,801	3,985	9273
67,9	3,99	9286
68	3,985	9308
68,1	3,98	9324
68,2	3,985	9332
68,301	3,98	9346
68,401	3,985	9363
68,5	3,99	9375
68,6	3,99	9386
68,701	3,985	9390
68,801	3,995	9405
68,901	3,99	9418
69,001	3,985	9429
69,101	3,975	9451
69,201	3,985	9460
69,301	3,985	9470
69,401	3,985	9485
69,501	3,98	9498
69,6	3,99	9511
69,701	3,985	9522
69,801	3,975	9533
69,901	3,985	9545
70,001	3,985	9555
70,099	3,99	9564
70,201	3,975	9579
70,3	3,98	9594
70,401	3,98	9611
70,5	3,985	9622
70,601	3,985	9634
70,701	3,975	9652
70,8	3,99	9667
70,901	3,99	9687
71,001	3,99	9704
71,101	3,985	9719
71,201	3,97	9731
71,3	3,99	9740
71,401	3,98	9751
71,501	3,975	9771
71,601	3,97	9789
71,701	3,99	9805
71,8	3,985	9820
71,901	3,985	9834
72,001	3,98	9845
72,101	3,98	9855
72,201	3,985	9869
72,3	3,98	9881
72,401	3,985	9899
72,501	3,99	9913
72,601	3,985	9925
72,701	3,985	9937
72,8	3,98	9954
72,901	3,98	9976
73,001	3,97	9993
73,101	3,985	10003
73,201	3,99	10011
73,3	3,98	10022
73,401	3,975	10035
73,5	3,995	10052
73,601	3,985	10070
73,701	3,98	10084
73,801	3,98	10105
73,901	3,985	10118
74	3,975	10136
74,101	3,985	10160
74,201	3,985	10174
74,3	3,985	10187
74,401	3,985	10203
74,5	3,985	10217
74,601	3,98	10232
74,701	3,985	10242
74,8	3,985	10265
74,901	3,975	10281
75	3,99	10292
75,101	3,985	10305
75,201	3,985	10321
75,3	3,99	10334
75,401	3,985	10349
75,5	3,99	10363
75,601	3,99	10379
75,701	3,98	10393
75,801	3,98	10408
75,901	3,985	10423
76	3,985	10436
76,101	3,98	10454
76,201	3,98	10473
76,301	3,99	10488
76,401	3,975	10501
76,5	3,985	10510
76,601	3,985	10524
76,7	3,995	10537
76,801	3,975	10552
76,901	3,985	10566
77	3,985	10578
77,101	3,97	10593
77,2	3,985	10612
77,302	3,98	10623
77,401	3,99	10631
77,5	3,995	10643
77,601	3,985	10658
77,7	3,985	10671
77,801	3,99	10685
77,901	3,98	10696
78	3,98	10707
78,101	3,99	10722
78,2	3,99	10738
78,301	3,98	10750
78,401	3,975	10764
78,5	3,985	10780
78,601	3,99	10795
78,7	3,985	10814
78,801	3,985	10828
78,901	3,985	10844
79	3,985	10854
79,101	3,975	10862
79,2	3,99	10876
79,301	3,985	10889
79,4	3,99	10900
79,5	3,99	10915
79,601	3,99	10929
79,7	4,025	10940
79,801	3,985	10950
79,9	3,985	10960
80	3,985	10974
80,1	3,985	10987
80,2	3,985	11005
80,301	3,995	11015
80,4	3,99	11031
80,501	3,985	11044
80,601	3,99	11058
80,7	3,985	11078
80,801	3,98	11091
80,9	3,99	11110
81,001	3,99	11120
81,101	3,995	11128
81,2	3,98	11141
81,301	3,99	11159
81,4	3,99	11180
81,501	3,995	11192
81,601	3,985	11204
81,7	3,98	11222
81,801	3,99	11234
81,901	3,99	11245
82,001	3,985	11260
82,101	3,97	11271
82,2	3,985	11294
82,301	3,99	11310
82,4	3,985	11323
82,501	3,985	11335
82,601	3,99	11352
82,7	3,99	11368
82,801	3,99	11375
82,9	3,985	11391
83,001	3,995	11404
83,1	3,985	11422
83,2	3,98	11440
83,301	3,99	11460
83,4	3,99	11474
83,501	3,99	11484
83,6	3,99	11502
83,7	3,99	11516
83,801	3,985	11524
83,9	3,985	11537
84,001	3,99	11549
84,1	3,99	11566
84,2	3,98	11580
84,301	3,99	11596
84,4	3,985	11613
84,501	3,985	11630
84,6	3,975	11641
84,7	3,985	11659
84,801	3,985	11676
84,9	3,98	11693
85,001	3,98	11708
85,1	3,995	11727
85,201	3,99	11744
85,301	3,99	11757
85,4	3,99	11767
85,501	3,965	11785
85,6	3,985	11800
85,701	3,99	11815
85,801	3,99	11828
85,9	3,985	11844
86,001	3,99	11857
86,1	3,985	11865
86,201	3,985	11883
86,3	3,985	11901
86,402	3,985	11915
86,501	3,975	11933
86,6	3,99	11946
86,702	3,985	11954
86,8	3,99	11971
86,9	3,99	11985
87,001	3,99	12002
87,1	3,99	12014
87,201	3,985	12025
87,3	3,985	12044
87,4	3,985	12057
87,501	3,99	12066
87,6	3,99	12081
87,701	3,985	12094
87,8	3,98	12110
87,9	3,985	12136
88,001	3,98	12154
88,1	3,99	12168
88,201	3,98	12180
88,3	3,99	12195
88,4	3,985	12206
88,501	3,99	12221
88,6	3,98	12231
88,701	3,99	12245
88,8	3,98	12262
88,9	3,99	12282
89	3,99	12290
89,1	3,97	12299
89,201	3,985	12316
89,3	3,99	12332
89,4	3,99	12345
89,5	3,97	12360
89,601	3,995	12381
89,701	3,99	12392
89,8	3,99	12411
89,9	3,99	12418
90	3,99	12428
90,1	3,985	12438
90,201	3,985	12448
90,3	3,99	12457
90,4	3,98	12475
90,5	3,99	12494
90,6	3,975	12504
90,701	3,99	12514
90,8	3,98	12528
90,901	3,99	12539
91,002	3,99	12555
91,1	3,99	12578
91,201	3,98	12589
91,3	3,99	12601
91,401	3,975	12619
91,5	3,985	12630
91,6	3,99	12647
91,701	3,975	12663
91,8	3,985	12677
91,901	3,975	12687
92	3,99	12701
92,1	3,99	12719
92,2	3,98	12729
92,3	3,99	12743
92,401	3,99	12754
92,5	3,99	12771
92,6	3,98	12783
92,7	3,98	12794
92,8	3,975	12807
92,901	3,985	12827
93	3,99	12840
93,1	3,98	12852
93,2	3,985	12863
93,3	3,99	12878
93,401	3,985	12887
93,5	3,985	12903
93,6	3,985	12916
93,7	3,985	12928
93,8	3,985	12944
93,9	3,985	12956
94	3,985	12967
94,1	3,995	12981
94,2	3,985	12996
94,3	3,985	13010
94,401	3,99	13023
94,5	3,98	13034
94,6	3,985	13050
94,7	3,97	13069
94,8	3,985	13082
94,901	3,985	13095
95	3,965	13113
95,1	3,99	13123
95,2	3,99	13147
95,3	3,975	13157
95,4	3,985	13175
95,5	3,985	13187
95,6	3,97	13200
95,7	3,99	13219
95,8	3,99	13233
95,9	3,985	13242
96	3,985	13258
96,1	3,99	13268
96,2	3,98	13278
96,3	3,985	13290
96,4	3,985	13308
96,5	3,99	13327
96,601	3,98	13338
96,7	3,985	13353
96,801	3,99	13365
96,9	3,98	13384
97	3,975	13403
97,101	3,99	13415
97,2	3,98	13427
97,3	3,985	13441
97,4	3,965	13454
97,5	3,98	13478
97,601	3,99	13488
97,7	3,98	13502
97,8	3,985	13516
97,9	3,985	13531
98	3,98	13544
98,101	3,985	13563
98,2	3,985	13579
98,3	3,975	13587
98,4	3,99	13598
98,5	3,985	13608
98,606	3,975	13622
98,699	3,97	13640
98,8	3,985	13658
98,9	3,985	13671
99	3,975	13685
99,1	3,985	13699
99,2	3,975	13712
99,3	3,98	13724
99,4	3,985	13736
99,5	3,995	13742
99,6	3,97	13760
99,7	3,98	13773
99,8	3,98	13786
99,9	3,985	13801
100	3,98	13809
100,1	3,985	13820
100,2	3,985	13833
100,3	3,99	13850
100,4	3,98	13857
100,5	3,985	13870
100,6	3,98	13884
100,701	3,985	13898
100,801	3,99	13908
100,9	3,965	13919
101	3,985	13931
101,1	3,985	13946
101,2	3,99	13954
101,3	3,985	13969
101,4	3,985	13987
101,5	3,98	14003
101,6	3,99	14016
101,7	3,985	14026
101,8	3,985	14039
101,9	3,985	14050
102,001	3,985	14059
102,1	3,975	14076
102,2	3,98	14093
102,3	3,985	14109
102,4	3,97	14125
102,5	3,985	14142
102,601	3,975	14160
102,7	3,99	14177
102,8	3,985	14194
102,9	3,98	14210
103	3,985	14223
103,1	3,98	14234
103,2	3,98	14242
103,3	3,98	14253
103,4	3,985	14272
103,5	3,975	14290
103,6	3,975	14308
103,7	3,985	14326
103,8	3,985	14350
103,9	3,98	14363
104	3,985	14372
104,1	3,985	14385
104,2	3,975	14396
104,3	3,98	14418
104,4	3,985	14434
104,5	3,975	14443
104,6	3,985	14463
104,7	3,985	14482
104,801	3,985	14504
104,901	3,985	14514
105	3,98	14530
105,1	3,99	14543
105,2	3,985	14551
105,3	3,975	14560
105,401	3,99	14580
105,499	3,975	14590
105,601	3,985	14603
105,7	3,985	14618
105,801	3,99	14633
105,9	3,98	14650
106	3,975	14671
106,1	3,985	14687
106,201	3,985	14706
106,301	3,985	14719
106,401	3,985	14731
106,5	3,985	14743
106,601	3,98	14764
106,7	3,985	14779
106,8	3,975	14799
106,9	3,99	14815
107,001	3,99	14823
107,101	3,98	14837
107,201	3,98	14856
107,301	3,985	14866
107,401	3,985	14880
107,5	3,985	14893
107,601	3,985	14908
107,701	3,99	14918
107,801	3,985	14937
107,901	3,98	14953
108,001	3,985	14968
108,101	3,985	14978
108,2	3,985	14994
108,301	3,985	15003
108,401	3,98	15016
108,501	3,98	15030
108,601	3,985	15051
108,7	3,985	15060
108,801	3,98	15073
108,901	3,985	15089
109,001	3,985	15099
109,101	3,985	15113
109,2	3,98	15124
109,301	3,98	15137
109,401	3,985	15157
109,501	3,965	15171
109,601	3,98	15193
109,701	3,98	15207
109,8	3,975	15223
109,901	3,985	15238
110,001	3,99	15245
110,101	3,985	15263
110,2	3,985	15275
110,301	3,985	15286
110,401	3,985	15298
110,5	3,985	15307
110,601	3,98	15321
110,7	3,99	15334
110,801	3,98	15349
110,9	3,985	15369
111,001	3,99	15382
111,101	3,975	15396
111,2	3,98	15414
111,301	3,985	15427
111,4	3,98	15449
111,501	3,98	15462
111,601	3,985	15477
111,701	3,98	15495
111,801	3,98	15510
111,9	3,975	15527
112,001	3,985	15542
112,101	3,975	15556
112,2	3,98	15570
112,301	3,985	15585
112,4	3,995	15597
112,503	3,99	15612
112,601	3,985	15621
112,701	3,985	15634
112,801	3,98	15650
112,9	3,985	15660
113,001	3,98	15675
113,101	3,985	15691
113,201	3,975	15704
113,301	3,99	15718
113,4	3,985	15729
113,501	3,985	15750
113,601	3,985	15764
113,701	3,98	15779
113,801	3,985	15793
113,9	3,985	15812
114,001	3,985	15821
114,1	3,99	15833
114,201	3,99	15843
114,301	3,985	15850
114,4	3,985	15862
114,501	3,985	15871
114,6	3,98	15882
114,701	3,98	15899
114,801	3,98	15915
114,9	3,985	15927
115,001	3,98	15940
115,1	3,99	15946
115,201	3,99	15956
115,301	3,985	15968
115,4	3,975	15985
115,501	3,985	16004
115,6	3,985	16021
115,701	3,985	16036
115,801	3,98	16047
115,9	3,985	16058
116,001	3,98	16067
116,1	3,99	16076
116,201	3,985	16092
116,301	3,99	16105
116,401	3,99	16118
116,501	3,975	16133
116,6	3,98	16150
116,701	3,985	16168
116,801	3,98	16184
116,901	3,98	16194
117,001	3,975	16208
117,1	3,97	16217
117,201	3,985	16236
117,3	3,985	16251
117,4	3,985	16265
117,501	3,98	16274
117,6	3,985	16295
117,701	3,985	16305
117,8	3,98	16325
117,9	3,985	16337
118,001	3,97	16355
118,1	3,985	16366
118,201	3,97	16386
118,3	3,975	16402
118,401	3,985	16422
118,502	3,99	16437
118,6	3,975	16455
118,701	3,965	16465
118,8	3,97	16473
118,901	3,995	16485
119,001	3,985	16502
119,1	3,985	16524
119,201	3,995	16533
119,3	3,985	16544
119,401	3,985	16556
119,501	3,98	16571
119,601	3,985	16587
119,701	3,985	16598
119,8	3,985	16617
119,901	3,985	16627
