MIN=0	-10	0
MAX=200	10	10
SCALE=200	5	5
DEC=0	2	0
DEF="Zeit" t / s	"Spannung" U_B1 / V	"Rate" R_A1 / 1/s
1	3,985	15
2,2	3,985	20
4,6	3,985	22
7,001	3,985	23
8,201	3,99	29
10,6	3,985	11
13,002	3,985	22
14,2	3,985	22
16,6	3,985	16
19	3,985	10
20,2	3,99	17
22,6	3,965	21
25,001	3,99	18
26,2	3,985	13
28,501	3,99	12
30,901	3,985	15
32,101	3,985	26
34,501	3,985	14
36,9	3,985	15
38,1	3,985	18
40,501	3,985	15
42,901	3,985	6
44,1	3,985	12
46,401	3,985	23
48,8	3,99	23
51,101	3,99	15
52,301	3,99	21
54,6	3,99	26
56,9	3,99	21
58,1	3,99	11
60,5	3,99	10
62,8	4	11
64	3,985	13
66,3	3,985	19
68,701	3,985	11
71,1	3,99	14
72,3	3,99	10
74,703	3,99	16
77,101	3,98	19
78,301	3,99	14
80,7	3,985	23
83,1	3,98	17
84,301	3,985	15
86,701	3,985	18
89,1	3,985	16
90,3	3,98	33
92,7	3,985	14
95,1	3,985	16
96,3	3,985	9
98,7	3,985	10
101,1	3,99	9
102,299	3,985	16
104,701	3,985	15
107,101	3,985	14
108,301	3,985	20
110,7	3,985	13
113,101	3,985	13
114,302	3,985	15
116,701	3,985	11
119,1	3,99	13
120,3	3,975	15
122,701	3,985	20
125,1	3,995	15
126,3	3,99	11
128,7	3,99	22
131,1	3,985	18
132,301	3,985	15
134,7	3,985	20
137,1	3,985	17
138,3	3,99	15
140,7	3,985	11
143,101	3,985	16
144,201	3,985	7
146,6	3,985	19
148,901	3,99	16
150,1	3,99	19
152,5	3,99	12
154,801	3,99	14
157,101	3,975	17
158,2	3,99	12
160,601	3,99	25
162,9	3,98	13
164,1	3,985	21
166,501	3,985	19
168,9	3,99	16
170	3,985	21
172,4	3,985	12
174,8	3,985	12
176	3,985	14
178,4	3,99	13
180,8	3,99	13
182,001	3,99	8
184,401	4,05	11
186,801	3,985	13
188	3,985	20
190,4	3,985	18
192,801	3,98	8
194,001	3,985	28
196,4	3,985	12
198,8	3,98	11
200	3,985	21
MIN=0	-10	0
MAX=200	10	10
SCALE=200	5	5
DEC=0	2	0
DEF="Zeit" t / s	"Spannung" U_B1 / V	"Rate" R_A1 / 1/s
1,1	3,99	12
2,3	3,985	9
4,7	3,985	15
7,101	3,98	11
8,301	3,985	9
10,7	3,985	9
13,1	3,985	9
14,3	3,99	11
16,7	3,985	14
19,1	3,99	7
20,201	3,99	11
22,6	3,99	13
24,9	3,99	10
26,1	3,985	5
28,301	3,985	6
30,701	3,985	5
33,101	3,985	11
34,3	3,985	6
36,7	3,985	6
39,101	3,99	5
40,301	3,99	11
42,7	3,99	10
45,1	3,98	9
46,3	3,985	13
48,701	3,98	8
51,1	3,985	4
52,3	3,98	7
54,7	3,99	14
57,101	3,985	9
58,3	3,99	7
60,7	3,985	9
63,1	3,985	13
64,3	3,98	5
66,7	3,985	14
69,101	3,985	8
70,301	3,985	11
72,701	3,985	9
75,1	3,985	14
76,301	3,985	8
78,701	3,99	13
81,1	3,99	9
82,3	3,99	9
84,7	3,985	7
87,101	3,985	5
88,301	3,975	8
90,7	3,985	8
93,1	3,985	9
94,3	3,985	12
96,701	3,98	14
99,1	3,985	10
100,3	3,99	11
102,7	3,985	6
105,101	3,99	14
106,3	3,98	11
108,701	3,99	10
111,101	3,98	9
112,3	3,985	7
114,601	3,985	9
117	3,98	11
118,2	3,98	12
120,501	3,985	8
122,9	3,98	11
124,1	3,985	13
126,501	3,985	13
128,8	3,985	9
130	3,99	9
132,3	3,985	12
134,7	3,985	8
137	3,985	10
138,2	3,99	14
140,6	3,99	14
143	3,985	13
144,2	3,985	10
146,601	3,985	13
149,001	3,985	5
150,2	3,985	12
152,6	3,98	8
155,001	3,99	10
156,201	3,985	15
158,6	3,985	7
161	3,98	10
162,202	3,985	8
164,601	3,985	8
167	3,99	13
168,2	3,985	11
170,6	3,98	7
173	3,98	12
174,2	3,985	7
176,6	3,98	7
179	3,985	9
180,2	3,985	12
182,6	3,985	12
185,001	3,985	7
186,201	3,99	13
188,601	3,985	16
191	3,99	6
192,201	3,985	11
194,601	3,99	11
197	3,985	13
198,2	3,985	15
MIN=0	-10	0
MAX=200	10	10
SCALE=200	5	5
DEC=0	2	0
DEF="Zeit" t / s	"Spannung" U_B1 / V	"Rate" R_A1 / 1/s
1	3,985	1
2,201	3,995	8
4,601	3,99	7
7	3,99	9
8,2	3,99	7
10,6	3,99	11
13,001	3,995	5
14,2	3,985	10
16,6	3,985	4
19	3,98	9
20,2	3,985	8
22,6	3,985	7
25	3,98	6
26,2	3,985	4
28,6	3,985	11
31,001	4	6
32,201	3,99	7
34,601	3,985	10
37	3,985	10
38,2	3,995	6
40,501	3,985	5
42,9	3,985	11
44,1	3,98	8
46,4	3,985	6
48,8	3,985	7
50	3,99	6
52,401	3,99	4
54,701	3,99	5
57	3,985	4
58,2	3,985	6
60,5	3,985	3
62,7	3,98	9
65,1	3,98	5
66,3	3,985	10
68,7	3,985	6
71,101	3,99	5
72,301	3,99	8
74,701	3,985	9
77,1	3,995	5
78,3	3,985	4
80,701	3,98	9
83,101	3,98	4
84,3	3,985	9
86,7	3,985	11
89,101	3,985	7
90,301	3,985	2
92,7	3,985	9
95,1	3,99	7
96,3	3,995	6
98,7	3,985	8
101,1	3,99	11
102,3	3,99	9
104,7	3,985	6
107,1	3,985	7
108,3	3,985	7
110,701	4	6
113,101	3,985	5
114,301	3,985	7
116,701	3,985	6
119,101	3,985	6
120,301	3,98	9
122,7	3,985	4
125,1	3,98	8
126,3	3,985	5
128,701	3,985	7
131,1	3,99	10
132,3	4	6
134,7	3,995	5
137,101	3,99	7
138,301	3,985	5
140,7	3,985	9
143,101	3,99	4
144,3	3,985	9
146,7	3,98	3
149,101	3,985	5
150,201	3,98	7
152,501	3,98	7
154,801	3,985	4
156,001	3,985	6
158,3	3,985	5
160,701	3,98	8
163,101	3,98	7
164,3	3,98	5
166,7	3,985	4
169,1	3,98	6
170,301	3,985	8
172,7	3,99	5
175,1	3,99	7
176,3	3,985	3
178,7	3,99	9
181,1	3,985	9
182,3	3,99	10
184,701	3,985	7
187,1	3,985	7
188,3	3,975	10
190,701	3,995	7
193,101	3,985	11
194,301	3,985	5
196,7	3,985	9
199,101	3,99	11
MIN=0	-10	0
MAX=200	10	10
SCALE=200	5	5
DEC=0	2	0
DEF="Zeit" t / s	"Spannung" U_B1 / V	"Rate" R_A1 / 1/s
1,1	3,98	5
2,3	3,985	3
4,7	3,965	6
7,101	3,985	11
8,301	3,98	9
10,7	3,985	10
13,1	3,985	3
14,3	3,985	5
16,7	3,98	8
19,1	3,985	4
20,3	3,985	4
22,7	3,98	5
25,1	3,98	3
26,2	3,985	3
28,6	3,985	2
30,8	3,985	5
33,101	3,98	6
34,201	3,98	2
36,601	3,985	3
38,801	3,98	4
41,101	3,985	6
42,301	3,985	8
44,6	3,98	6
47,001	3,98	7
48,201	3,98	6
50,6	3,985	5
53,001	3,985	1
54,2	3,98	3
56,601	3,985	5
59,001	3,985	1
60,2	3,985	5
62,6	3,985	4
64,999	3,985	2
66,201	3,98	7
68,6	3,99	2
71,001	3,985	2
72,201	3,985	1
74,6	3,985	13
77,001	3,98	5
78,201	3,985	8
80,6	3,985	4
83	3,985	3
84,2	3,985	3
86,601	3,985	4
89,001	3,985	3
90,2	3,985	2
92,6	3,98	3
95,001	3,985	6
96,201	3,98	5
98,6	3,985	3
101	3,98	9
102,2	3,98	5
104,602	3,985	7
107	3,985	4
108,201	3,98	5
110,601	3,98	4
113	3,985	3
114,201	3,99	4
116,601	3,98	12
119,001	3,985	0
120,2	3,98	4
122,6	3,99	4
125,001	3,985	6
126,201	3,99	7
128,6	3,985	4
131	3,985	7
132,2	3,98	3
134,601	3,985	2
137	3,98	9
138,2	3,985	8
140,5	3,985	3
142,8	3,985	7
143,999	3,985	8
146,401	3,985	9
148,801	3,985	6
150,001	3,985	5
152,4	3,99	4
154,801	3,985	3
156,001	3,99	5
158,401	3,99	6
160,8	3,985	6
162	3,985	9
164,401	3,98	2
166,801	3,98	5
168	3,985	7
170,4	3,98	5
172,8	3,975	5
174,001	3,985	2
176,4	3,98	9
178,8	3,99	7
180	3,99	4
182,4	3,99	5
184,801	3,985	3
186,001	3,985	8
188,401	3,985	4
190,8	3,985	1
192	3,985	4
194,401	3,98	8
196,801	3,98	6
198,001	3,985	6
MIN=0	-10	0
MAX=200	10	10
SCALE=200	5	5
DEC=0	2	0
DEF="Zeit" t / s	"Spannung" U_B1 / V	"Rate" R_A1 / 1/s
1,1	3,98	3
2,202	3,975	2
4,6	3,985	2
6,901	3,98	5
8,1	3,99	5
10,5	3,99	6
12,8	3,985	12
15,1	3,98	4
16,2	3,985	3
18,6	3,98	2
20,8	3,98	5
23,1	3,98	1
24,3	3,98	5
26,601	3,98	5
29,001	3,98	2
30,201	3,98	6
32,6	3,985	8
35,001	3,985	6
36,201	3,98	2
38,601	3,985	5
41	3,99	4
42,2	3,985	6
44,601	3,99	11
47,001	3,985	1
48,2	3,985	3
50,6	3,99	3
53	3,985	2
54,201	3,98	3
56,6	3,985	2
59	3,985	5
60,2	3,985	3
62,599	3,985	4
65	3,98	4
66,2	3,99	5
68,601	3,98	7
71	3,99	9
72,2	3,985	5
74,601	3,985	1
77,001	3,99	11
78,201	3,995	4
80,6	3,98	4
83,001	4,005	4
84,201	3,98	4
86,6	3,98	7
89	3,98	7
90,2	3,98	7
92,601	3,985	8
95	3,98	2
96,2	3,985	4
98,6	3,985	8
101	3,99	8
102,2	3,985	1
104,601	3,99	5
106,9	3,985	4
108,101	3,985	6
110,401	3,985	7
112,8	3,985	0
114,001	3,995	4
116,401	3,985	2
118,7	3,98	6
121,101	3,98	3
122,2	3,985	5
124,601	3,985	5
126,9	3,985	3
128,1	3,985	5
130,501	3,975	3
132,9	3,98	3
134,1	3,98	4
136,5	3,985	2
138,9	3,985	4
140,1	3,99	3
142,5	3,99	2
144,901	3,985	4
146,101	3,985	3
148,5	3,99	3
150,901	3,985	4
152,101	3,985	6
154,5	3,98	4
156,9	3,98	4
158,1	3,985	9
160,501	3,975	9
162,901	3,985	6
164,1	3,985	2
166,5	3,98	3
168,901	3,98	5
170,101	3,98	3
172,5	3,98	4
174,9	3,985	3
176,1	3,985	3
178,501	3,96	4
180,9	3,985	2
182,101	3,98	4
184,501	3,98	8
186,9	3,98	3
188,1	3,99	1
190,501	3,985	7
192,901	3,985	3
194,101	3,98	2
196,5	3,985	3
198,901	3,98	2
MIN=0	-10	0
MAX=200	10	10
SCALE=200	5	5
DEC=0	2	0
DEF="Zeit" t / s	"Spannung" U_B1 / V	"Rate" R_A1 / 1/s
1,001	3,985	4
2,201	3,965	2
4,6	3,985	1
7	3,975	3
8,2	3,99	3
10,601	3,98	1
13	3,98	2
14,2	3,985	3
16,6	3,985	3
19,001	3,99	1
20,2	3,97	1
22,6	3,985	0
25	3,99	4
26,2	3,99	2
28,601	3,985	3
31,001	3,985	1
32,201	3,985	4
34,601	3,985	4
37	3,985	6
38,201	3,98	2
40,601	3,985	1
43	3,985	6
44,2	3,975	1
46,6	3,98	3
49,001	3,98	2
50,201	3,985	7
52,6	3,98	2
55	3,98	0
56,2	3,985	6
58,601	3,98	1
61	3,98	4
62,2	3,98	4
64,6	3,98	1
67	3,98	1
68,201	3,985	4
70,601	3,985	5
73,001	3,985	4
74,2	3,985	3
76,502	3,99	5
78,9	3,985	2
80,1	3,985	0
82,4	3,985	4
84,8	3,985	1
86	3,985	1
88,401	3,985	2
90,7	3,985	1
93,1	3,98	4
94,2	3,985	6
96,6	3,985	1
99,001	3,99	1
100,2	3,99	3
102,6	4,04	3
105,001	3,985	0
106,201	3,99	0
108,6	3,975	3
111,001	3,985	1
112,201	3,99	7
114,601	3,985	2
117	3,99	0
118,2	3,99	4
120,601	3,985	4
123	3,98	6
124,2	3,99	4
126,6	3,985	1
129,001	3,98	9
130,2	3,99	5
132,6	3,985	5
135	3,985	6
136,2	3,985	3
138,6	3,98	1
141	3,98	5
142,201	3,985	4
144,601	3,985	2
147	3,98	8
148,201	3,985	6
150,601	3,985	3
153,001	3,98	4
154,2	3,98	6
156,6	3,98	3
159,001	3,985	2
160,201	3,98	2
162,6	3,985	2
165	3,98	3
166,2	3,985	3
168,601	3,985	1
171	3,985	1
172,202	3,98	4
174,6	3,985	3
177,001	3,99	2
178,2	3,985	4
180,6	3,99	2
183,001	3,985	2
184,101	3,985	7
186,501	3,985	1
188,801	3,985	1
190,001	3,985	9
192,401	3,985	2
194,701	3,98	3
197,101	3,99	4
198,3	3,98	4
MIN=0	-10	0
MAX=200	10	10
SCALE=200	5	5
DEC=0	2	0
DEF="Zeit" t / s	"Spannung" U_B1 / V	"Rate" R_A1 / 1/s
1,001	3,98	6
2,2	3,98	5
4,6	3,98	2
7,001	3,985	3
8,2	3,985	2
10,6	3,985	2
13	3,98	0
14,2	3,98	1
16,601	3,985	2
19	3,98	3
20,2	3,98	6
22,6	3,985	1
25,001	3,98	0
26,2	3,98	3
28,6	3,98	3
31,001	3,985	3
32,2	3,985	3
34,601	3,98	7
37,001	3,985	3
38,201	3,98	5
40,601	3,985	4
43	3,985	2
44,201	3,985	3
46,601	3,985	3
49	3,985	2
50,2	3,985	2
52,6	3,98	6
55,001	3,985	4
56,2	3,99	1
58,6	3,98	7
61	3,98	6
62,2	3,98	2
64,6	3,985	2
67	3,98	3
68,201	3,985	2
70,601	3,99	0
72,801	3,985	3
74	3,98	2
76,301	3,98	4
78,7	3,98	2
81,101	3,985	3
82,201	3,98	3
84,6	3,975	4
87,001	3,985	3
88,1	3,98	1
90,5	3,985	3
92,8	3,98	3
94	3,98	5
96,4	3,98	2
98,801	3,98	1
100	3,98	1
102,4	3,98	3
104,801	3,975	5
106	3,98	0
108,402	3,98	1
110,801	3,98	3
112,001	3,98	4
114,4	3,98	0
116,8	3,98	3
118,001	3,98	5
120,401	3,975	0
122,8	3,975	1
124	3,975	2
126,4	3,98	4
128,8	3,98	4
130	3,98	2
132,4	3,975	2
134,8	3,975	1
136	3,985	4
138,4	3,985	5
140,8	3,985	3
142	3,985	1
144,4	3,985	1
146,8	3,99	4
148,001	3,985	2
150,401	3,99	3
152,8	3,985	2
154	3,99	3
156,401	3,98	6
158,801	3,985	1
160,001	3,985	2
162,4	3,985	2
164,8	3,98	1
166,001	3,98	1
168,4	3,975	3
170,8	3,985	4
172	3,98	2
174,4	3,98	4
176,8	3,985	2
178	3,985	1
180,4	3,98	4
182,8	3,985	1
185,101	3,985	5
186,301	3,98	2
188,601	3,99	2
191,001	3,99	0
192,201	3,99	3
194,501	3,985	5
196,9	3,985	2
198,1	3,98	3
MIN=0	-10	0
MAX=200	10	10
SCALE=200	5	5
DEC=0	2	0
DEF="Zeit" t / s	"Spannung" U_B1 / V	"Rate" R_A1 / 1/s
1,001	3,98	4
2,201	3,985	3
4,6	3,985	1
7	3,98	2
8,2	3,985	5
10,601	3,985	2
13	3,985	2
14,2	3,985	0
16,6	3,98	4
19	3,98	5
20,2	3,985	2
22,601	3,985	1
25	3,985	1
26,2	3,99	2
28,6	3,99	1
31,003	3,985	1
32,201	3,98	1
34,601	3,98	3
37	3,98	3
38,201	3,98	4
40,601	3,985	2
43	3,985	1
44,201	3,985	3
46,6	3,985	4
49,001	3,99	2
50,201	3,985	2
52,6	3,99	2
55	3,985	3
56,2	3,99	1
58,6	3,975	2
60,9	3,985	4
62,1	3,99	3
64,5	3,985	2
66,901	3,985	1
68,101	3,98	2
70,501	3,98	2
72,901	3,985	2
74,001	3,98	1
76,301	3,985	4
78,6	3,985	0
81,001	3,98	3
82,201	3,985	6
84,5	3,98	1
86,8	3,985	0
88	3,98	2
90,402	3,98	0
92,8	3,985	1
94	3,99	6
96,4	3,98	2
98,8	3,985	4
100	3,98	5
102,4	3,985	4
104,8	3,985	2
106	3,98	1
108,401	3,98	1
110,801	3,985	2
112,001	3,985	3
114,401	3,985	2
116,8	3,985	2
118	3,99	2
120,401	3,985	3
122,801	3,99	2
124	3,985	7
126,4	3,985	4
128,8	3,99	2
130,001	3,98	0
132,4	3,98	2
134,8	3,98	2
136	3,985	3
138,4	3,98	6
140,8	3,98	4
142	3,985	1
144,4	3,98	3
146,801	3,985	1
148	3,985	2
150,401	3,98	2
152,801	3,98	2
154,001	3,975	3
156,4	3,98	1
158,801	3,985	0
160,001	3,985	2
162,4	3,985	4
164,801	3,985	2
166	3,99	2
168,401	3,985	2
170,8	3,99	3
172	3,985	1
174,301	3,99	2
176,7	3,985	1
179	3,985	4
180,2	3,99	4
182,6	3,985	2
184,801	3,985	1
186,001	3,985	2
188,401	3,985	1
190,801	3,985	3
192,001	3,98	3
194,401	3,985	2
196,801	3,99	1
198	3,985	1
MIN=0	-10	0
MAX=200	10	10
SCALE=200	5	5
DEC=0	2	0
DEF="Zeit" t / s	"Spannung" U_B1 / V	"Rate" R_A1 / 1/s
1,101	3,985	3
2,301	3,99	0
4,701	3,985	2
7,1	3,985	0
8,3	3,99	2
10,701	3,99	2
13,1	3,99	2
14,3	3,98	2
16,7	3,985	2
19,1	3,985	1
20,3	3,98	0
22,701	3,985	2
25,1	3,99	0
26,201	3,985	1
28,601	3,985	1
30,901	3,99	1
32,101	3,985	1
34,4	3,985	0
36,801	3,98	2
39,1	3,985	0
40,3	3,985	3
42,601	3,98	0
44,8	3,98	2
47,101	3,985	1
48,2	3,975	3
50,6	3,985	2
52,9	3,98	2
54,1	3,99	1
56,5	3,98	0
58,8	3,975	5
60	3,985	2
62,4	3,98	2
64,8	3,985	3
66,002	3,98	1
68,401	3,985	0
70,8	3,985	3
72,001	3,98	0
74,401	3,985	1
76,801	3,98	1
78	3,98	2
80,4	3,985	1
82,801	3,985	2
84,001	3,99	0
86,4	3,985	1
88,8	3,98	1
90	3,98	1
92,401	3,98	2
94,801	3,985	0
96	3,98	1
98,4	3,99	3
100,8	3,98	5
102	3,985	1
104,4	3,985	2
106,801	3,98	0
108,001	3,98	0
110,402	3,985	1
112,801	3,98	0
114,001	3,98	0
116,401	3,98	3
118,8	3,98	2
120	3,98	2
122,4	3,99	0
124,8	3,98	3
126	3,985	1
128,4	3,985	1
130,801	3,99	0
132,001	3,97	4
134,4	3,98	2
136,8	3,985	2
138	3,98	0
140,4	3,98	0
142,801	3,98	3
144	3,975	1
146,301	3,975	1
148,701	3,98	0
151,101	3,98	3
152,201	3,98	2
154,601	3,98	0
156,901	3,985	1
158,101	3,985	1
160,501	3,99	2
162,9	3,985	2
164,1	3,985	0
166,501	3,98	0
168,9	3,98	2
170,1	3,985	0
172,5	3,985	0
174,9	3,995	2
176,101	3,985	0
178,5	3,98	1
180,9	3,98	2
182,101	3,98	1
184,5	3,98	1
186,901	3,985	1
188,1	3,985	3
190,501	3,98	1
192,9	3,98	0
194,1	3,98	1
196,501	3,98	1
198,901	3,985	0
